X204.014D.final	X204.0A78.final	X204.0E29.final	X204.1D21.final	X204.2401.final	X204.2B00.final	X204.362D.final	X204.3B49.final	X204.4305.final	X204.691B.final	X213.0433.final	X213.0F6A.final	X213.1B7C.final	X213.3451.final	X213.3C4E.final	X213.4410.final	X213.496F.final	X213.5D38.final	X213.6224.final	X213.7B56.final	X216.0023.t.2	X216.167D.t.2	X216.2D17.t.2	X216.4D34.t.2	X216.5D52.t.2	X216.671C.t.2	X216.6807.t.2	X216.737F.t.2	X216.7C29.t.2	X216.7D1C.t.2
43874	43210	39540	45204	23957	29202	42226	47616	24389	31156	20331	42956	43172	45145	27417	43478	48738	32997	27310	16188	26830	20074	35631	22121	20654	34560	46486	19851	35741	25806
13	16	6	9	14	6	10	13	10	14	17	14	23	15	17	13	11	14	14	13	25471	21654	17634	30626	28916	15648	41	30851	14428	21988
2159	5660	5105	3	9534	11047	6085	1504	3509	7090	2852	2750	6	3912	1437	931	968	1324	3702	11073	3	448	187	0	205	1187	912	888	840	377
346	515	156	1008	360	1417	780	465	3496	3842	4279	333	2787	123	2923	3026	594	1654	3581	1544	705	396	69	494	1163	317	287	203	395	483
1012	1082	585	126	1736	886	518	256	2567	1351	6491	1077	633	240	2262	889	219	1200	3014	3107	32	4122	185	17	152	331	1147	318	59	245
1493	400	1131	1934	2427	1787	833	914	1235	320	2486	326	1614	1033	1644	1223	820	2637	508	1991	41	26	5	87	146	45	127	66	2	29
335	451	379	209	524	669	186	116	3790	242	1093	1351	277	367	2224	847	500	30	4238	2080	444	186	248	509	71	175	104	282	302	7
13	19	463	13	100	56	25	5	56	23	3911	12	1798	203	7833	7	193	6199	18	500	5	29	5	7	47	0	5	34	37	33
739	69	1421	998	3041	679	252	113	2084	831	398	127	246	94	399	94	168	468	179	2006	11	393	13	109	28	33	83	18	182	19
650	526	94	493	336	707	182	470	298	1262	1404	763	557	230	169	363	112	734	1	2004	79	2412	119	23	118	43	173	218	94	137
101	287	159	589	472	223	122	213	1744	516	481	714	182	170	377	122	111	489	971	2094	315	546	73	79	418	259	206	76	446	574
610	89	122	216	1470	240	96	76	1231	1013	514	513	447	62	1015	152	58	1028	853	1569	136	25	23	72	41	34	87	67	58	128
6	2	552	5	10	739	319	4	938	5	777	359	7	457	650	22	693	9	1089	412	9	202	59	14	17	752	337	10	25	17
202	340	159	241	289	811	425	307	890	449	23	318	31	45	128	10	278	223	1524	940	1	122	114	0	0	28	226	102	1	10
582	168	231	118	170	729	476	890	326	354	645	301	65	100	57	156	72	143	203	1060	23	2	17	12	1	39	97	77	28	24
9	241	739	675	113	465	45	407	460	751	33	50	252	350	79	2	172	118	116	522	1	129	60	0	1	95	144	30	36	44
259	0	99	0	0	54	73	0	0	0	0	0	0	0	0	0	0	0	0	0	43	1284	462	7	263	282	1947	607	112	207
123	38	20	89	48	90	12	10	1349	209	1770	109	27	12	47	233	24	424	223	508	1	5	7	3	11	1	8	9	7	7
0	0	318	1	1	456	210	1	563	0	512	216	3	340	409	0	499	3	612	209	0	118	43	0	0	492	204	0	0	0
96	54	147	73	224	225	159	40	181	140	335	121	241	138	404	137	89	237	185	202	145	337	27	108	246	73	88	70	166	228
718	2	263	3	0	1008	281	5	0	0	0	0	0	0	0	0	0	0	0	0	0	641	172	1	310	102	672	147	1	571
0	78	174	45	251	164	30	53	171	286	361	83	532	102	257	916	23	187	184	386	40	2	21	51	12	16	15	42	212	2
134	79	114	146	207	199	131	30	416	178	274	182	197	139	324	322	124	187	721	364	16	4	16	21	13	16	16	25	16	35
156	81	106	164	703	147	78	81	282	244	296	90	134	101	243	121	42	202	130	538	16	30	14	11	10	27	50	31	23	22
86	34	68	49	421	421	129	43	267	166	275	137	34	58	598	37	34	171	400	241	0	7	7	2	2	18	7	5	4	7
0	131	0	56	63	0	0	0	0	210	41	307	84	6	438	104	0	212	1562	31	3	43	0	1	25	0	0	136	215	59
0	734	0	176	941	0	0	351	0	493	0	0	0	0	1	0	0	1025	0	0	0	1	0	0	0	0	0	0	0	0
5	0	198	3	519	293	18	149	0	1	6	234	10	395	345	215	1	119	500	122	20	50	10	0	12	32	72	28	262	26
24	40	377	182	515	195	15	32	429	107	165	67	101	93	157	43	98	141	77	552	31	2	14	13	32	12	15	10	40	26
31	42	58	16	64	64	32	25	44	217	908	31	103	13	81	45	13	170	148	506	0	0	0	0	214	65	238	111	25	48
73	47	214	136	241	161	71	78	109	90	121	84	67	88	344	145	102	187	97	66	81	80	14	111	53	34	34	47	174	145
58	104	88	178	140	115	60	120	311	228	188	45	160	59	116	78	25	131	66	450	62	72	11	56	25	41	138	61	27	48
65	83	108	192	186	140	73	35	184	90	66	97	118	66	149	237	128	97	290	134	43	25	19	87	34	13	14	21	51	131
74	44	43	53	121	33	24	25	92	97	245	169	32	29	226	108	37	223	548	463	9	12	6	1	2	22	21	35	46	50
0	0	0	0	0	0	0	0	0	0	0	0	0	0	0	0	0	0	0	0	361	0	0	190	1348	0	1	0	214	696
46	145	36	175	85	181	58	226	290	252	283	15	55	126	8	56	15	186	8	87	8	71	4	8	18	5	48	28	7	3
186	64	14	99	618	23	62	146	53	155	146	36	108	78	256	52	82	105	55	25	5	8	1	5	10	8	8	3	0	11
77	31	34	104	206	101	45	49	235	111	46	67	35	30	276	13	27	113	85	172	11	121	51	15	5	46	117	55	7	92
66	61	167	98	81	89	63	53	70	74	95	127	128	99	70	171	120	63	113	49	62	34	43	32	70	27	38	40	71	93
37	44	150	46	281	125	43	139	223	267	128	61	72	75	40	42	28	126	38	216	11	18	7	4	6	18	35	24	29	19
41	32	54	183	682	25	44	26	245	162	41	12	33	12	54	8	18	59	60	417	1	3	7	4	3	6	19	11	18	10
24	19	115	216	169	36	22	39	55	117	401	16	142	46	190	20	7	218	12	128	25	42	6	43	52	16	23	29	14	25
95	68	77	14	90	126	86	19	99	115	85	111	19	20	64	75	29	47	119	41	1	485	36	0	0	81	104	90	2	36
48	26	92	165	335	96	32	25	282	65	104	72	38	63	94	28	34	123	39	334	11	11	3	4	5	4	12	24	9	7
28	21	9	68	110	1	79	2	40	144	512	154	108	39	106	21	18	97	377	164	1	0	0	0	0	17	0	0	19	0
73	0	3	161	782	48	103	26	233	275	52	41	5	34	11	3	0	15	8	15	9	21	3	14	30	9	19	24	18	8
0	3	65	2	0	1	307	0	80	223	255	0	2	506	0	25	0	325	0	0	0	12	0	1	1	44	48	93	45	2
46	36	112	25	110	128	107	13	232	68	174	43	95	19	99	68	30	34	222	127	30	18	1	46	36	10	17	8	11	19
53	35	66	10	141	52	49	8	218	125	62	83	51	38	75	44	1	98	69	422	19	58	14	25	42	18	34	32	13	16
41	31	42	5	187	90	16	20	123	95	74	105	47	8	238	13	12	40	356	90	1	13	1	3	6	10	16	2	5	11
82	9	54	25	91	86	19	22	62	46	26	39	7	27	35	40	30	19	98	106	124	13	27	103	32	74	34	82	110	85
18	5	220	33	280	68	36	55	98	38	87	24	115	10	184	17	32	26	0	5	3	7	2	10	22	2	17	7	138	7
4	9	86	14	435	8	2	28	452	5	17	42	26	13	74	89	53	10	35	18	9	25	10	8	9	3	44	7	25	4
74	84	47	3	55	30	54	52	6	76	7	18	2	2	5	11	4	4	15	11	44	189	21	33	130	83	165	128	77	117
13	34	33	17	81	15	8	7	95	122	316	53	30	14	137	15	11	110	114	121	0	73	19	0	0	10	23	7	2	20
33	65	15	31	99	81	73	68	43	127	6	57	60	2	4	12	0	82	42	38	13	127	70	18	32	102	36	22	18	18
46	43	52	28	75	11	9	8	66	64	139	75	39	20	44	102	37	98	62	117	0	20	3	0	5	24	48	28	18	30
37	47	15	46	38	23	43	25	77	72	38	47	48	18	41	133	9	46	66	69	28	106	6	12	19	23	44	32	28	65
41	11	22	21	48	143	50	59	35	123	26	86	57	33	112	25	17	54	96	37	9	11	14	0	6	12	44	29	15	37
0	0	0	0	0	0	0	0	0	0	0	0	0	0	0	0	0	0	0	0	6	1	6	3	19	1	3	10	15	1208
24	38	97	116	202	31	65	36	155	46	68	12	18	16	22	108	10	32	2	50	2	5	1	1	3	1	0	5	3	2
0	0	0	0	0	0	0	0	0	0	0	0	0	0	0	0	0	0	0	0	20	283	74	0	0	73	177	87	41	308
23	11	32	15	29	35	32	6	29	24	60	25	74	16	80	47	18	36	53	52	41	40	0	29	74	11	9	8	37	67
1	19	198	29	106	5	40	3	36	33	108	62	73	45	95	6	5	36	11	51	0	3	0	0	0	0	0	0	0	3
20	19	26	20	26	25	19	15	14	23	31	48	12	25	7	59	20	19	32	11	19	114	30	22	44	35	67	22	28	110
72	60	63	48	28	94	70	44	70	108	0	0	0	0	0	0	0	0	0	0	6	7	17	10	13	17	25	26	77	26
22	3	40	33	84	86	24	13	31	33	45	12	34	17	7	4	2	80	4	159	5	8	3	10	4	4	7	1	11	5
18	0	50	0	0	6	8	3	1	0	0	52	15	1	26	38	13	0	70	22	32	26	17	58	76	43	12	20	31	146
36	7	60	9	97	58	34	33	30	19	67	23	19	20	48	26	14	33	13	13	4	7	10	2	7	16	17	13	26	7
1	6	0	0	9	0	0	10	1	27	36	6	0	12	0	0	5	0	17	1	62	76	0	37	32	69	178	0	150	28
40	14	30	15	32	26	16	6	15	39	18	19	16	21	25	36	7	8	39	31	40	8	8	26	17	15	29	89	22	27
33	8	49	31	48	73	19	20	28	29	68	28	25	13	63	9	28	20	34	50	3	4	2	5	2	10	9	3	4	4
51	0	0	45	21	6	44	1	83	6	274	0	1	0	2	0	3	1	0	0	15	8	5	32	46	1	17	0	0	24
27	40	30	17	15	7	6	15	22	14	49	15	17	14	7	15	13	12	53	86	18	2	6	8	28	0	29	2	27	76
2	0	0	1	5	1	1	0	10	9	4	2	1	2	3	14	0	1	2	6	2	65	0	241	60	0	9	30	100	60
5	10	2	45	49	51	25	10	8	28	79	2	39	17	89	6	9	100	4	7	0	0	0	1	8	2	8	11	0	0
7	6	26	29	75	42	14	13	37	12	56	20	9	16	31	22	13	43	39	35	3	5	1	11	2	8	10	2	3	7
4	12	13	12	60	16	8	4	23	37	32	31	27	31	37	56	22	25	24	22	7	1	0	19	6	3	10	2	12	8
6	7	17	7	49	42	13	1	55	12	11	18	9	8	37	42	27	12	52	30	12	2	1	14	17	1	2	3	12	35
3	0	1	184	13	30	2	18	0	0	55	1	46	23	36	0	36	40	10	3	0	1	0	0	0	0	0	0	0	0
0	0	0	0	0	0	0	0	0	0	0	0	0	0	0	0	0	0	0	0	32	23	21	12	97	22	24	19	32	217
5	5	18	1	84	25	7	2	45	25	56	9	14	15	38	9	3	23	10	80	1	1	0	1	1	2	5	0	4	4
0	0	0	0	0	0	0	0	0	0	0	0	0	0	0	0	0	0	0	0	23	45	54	14	21	45	112	99	31	44
12	7	56	42	44	96	0	7	55	11	13	6	6	8	15	1	9	13	23	36	0	1	0	0	0	1	3	5	0	4
10	4	26	44	20	4	6	12	24	25	26	9	26	11	20	17	5	20	10	51	10	7	11	2	5	5	6	10	16	25
12	2	14	7	5	5	10	1	9	6	17	29	3	0	21	17	4	8	5	2	32	60	17	22	38	12	0	36	12	33
8	1	42	34	18	7	0	0	22	24	13	2	22	5	54	30	24	30	11	21	0	10	1	0	0	0	2	14	0	0
12	4	3	2	125	2	1	1	2	12	18	26	11	18	22	6	0	24	9	24	3	0	0	4	7	3	4	2	9	1
8	6	11	4	15	8	8	3	6	10	6	9	10	3	37	22	21	5	37	24	16	5	1	6	16	6	8	7	16	16
3	5	0	5	1	3	2	6	9	23	0	0	0	0	0	0	0	0	0	0	55	25	0	40	78	10	21	28	7	29
3	2	5	4	19	6	3	2	28	7	42	2	27	6	21	37	12	24	42	10	8	2	1	2	4	2	7	3	4	9
71	0	19	0	0	1	0	0	0	0	4	19	0	0	6	27	15	0	67	7	1	21	0	0	0	12	4	27	34	9
0	0	17	0	0	0	1	0	1	0	0	0	0	0	0	0	0	0	0	0	25	40	5	38	33	16	26	12	35	91
0	0	0	20	1	0	0	0	42	127	0	2	9	1	2	0	2	4	18	85	0	3	0	0	0	0	7	8	1	0
30	9	0	25	18	0	21	28	0	36	14	0	4	8	0	55	3	36	12	8	4	1	0	1	4	4	1	0	0	1
6	7	17	28	67	8	13	15	10	13	18	9	17	9	17	10	9	14	3	11	0	0	0	0	0	0	2	2	0	1
0	8	2	9	59	16	13	6	51	0	54	8	3	10	2	0	0	0	0	4	0	0	0	0	0	4	9	0	0	17
0	0	0	0	0	0	0	0	0	0	0	0	0	0	0	0	0	0	0	0	34	0	0	66	27	1	0	0	87	34
16	10	18	5	6	6	6	8	9	4	21	8	0	9	4	1	2	3	17	58	0	5	3	1	5	7	12	4	0	0
0	0	0	0	0	0	0	0	0	0	0	0	0	0	0	0	0	0	0	0	2	3	13	0	7	4	32	26	12	142
31	0	0	0	0	0	0	0	0	30	0	35	0	0	0	0	0	69	8	0	1	0	0	0	0	0	0	0	54	0
6	3	1	2	0	1	2	1	4	14	9	10	1	1	7	14	0	2	8	32	6	10	5	5	2	13	11	10	11	23
4	8	8	2	17	28	5	12	7	11	26	5	11	4	18	15	4	16	1	4	0	0	0	0	0	0	0	2	0	2
13	2	12	17	30	14	7	4	7	12	11	6	6	1	7	8	3	11	4	18	0	0	2	0	0	0	0	2	4	0
7	2	7	9	31	9	2	1	7	21	15	8	10	4	2	2	4	8	1	44	0	1	0	0	0	0	0	0	0	0
8	3	0	16	16	0	0	1	26	23	2	19	6	4	2	2	9	2	27	13	0	0	0	0	0	0	0	0	0	0
1	7	6	5	3	2	6	1	10	9	7	3	4	7	11	3	3	10	13	5	7	8	1	4	5	4	7	4	1	11
0	1	3	5	35	1	5	1	15	12	7	1	3	1	10	0	1	6	5	31	1	0	1	4	0	1	1	3	6	3
2	1	33	0	5	1	5	5	8	2	32	18	10	5	2	6	1	12	1	3	0	0	0	0	0	0	0	0	0	0
3	6	13	7	36	24	12	5	22	16	0	0	0	0	0	0	0	0	0	0	0	0	0	0	0	0	0	0	0	0
4	5	5	4	6	1	3	8	5	7	5	2	7	7	4	8	1	6	6	4	3	4	7	3	4	3	2	4	1	5
4	10	9	2	4	6	4	2	8	3	4	1	3	7	6	4	3	2	2	3	4	4	3	5	9	4	4	2	4	4
5	3	21	0	5	9	4	19	6	3	0	0	0	0	0	0	0	0	0	0	0	22	4	0	0	9	7	11	0	0
11	1	6	1	0	2	1	1	0	6	7	7	1	2	5	6	3	5	6	3	0	16	3	1	0	5	10	3	3	13
7	3	6	6	3	9	1	5	5	4	11	4	5	2	5	4	3	9	4	5	1	1	1	3	2	3	6	1	3	5
2	0	8	1	13	4	3	3	11	5	1	4	2	2	2	4	1	9	3	20	0	0	1	1	2	0	1	4	18	0
2	2	7	5	27	2	2	1	12	2	4	3	31	0	4	0	3	3	1	5	0	0	0	2	4	0	1	1	1	0
0	0	0	0	3	0	0	0	20	1	0	0	0	1	0	0	9	0	0	0	6	0	0	0	2	0	0	0	0	80
5	5	5	2	2	8	2	2	4	5	6	5	9	2	7	4	3	7	2	5	5	3	4	4	4	2	3	1	1	4
5	1	5	2	1	0	0	5	0	8	12	1	5	3	0	0	1	1	0	21	0	3	0	0	0	4	8	4	9	18
5	2	5	2	7	1	4	0	2	5	7	4	0	1	3	4	3	5	2	3	5	11	1	3	8	0	4	4	0	12
1	1	1	10	7	3	0	1	0	1	10	18	12	4	10	0	5	13	7	2	1	0	0	2	1	1	1	0	0	0
3	4	6	1	3	0	2	1	3	50	6	0	5	1	1	3	3	2	0	1	0	0	0	0	3	0	0	1	0	0
2	0	1	1	7	6	1	1	5	1	0	2	6	7	7	10	8	0	9	10	0	0	0	0	0	0	0	0	0	0
5	1	3	2	0	9	1	5	1	3	18	0	0	0	6	7	2	1	2	15	0	0	0	0	0	0	0	0	0	0
0	0	0	0	0	0	0	0	0	0	0	0	0	0	0	0	0	0	0	0	10	9	0	2	9	6	12	18	4	9
2	3	4	3	7	5	1	2	0	16	7	1	1	2	4	0	2	8	3	4	0	0	0	0	0	0	1	0	0	1
3	1	5	2	3	4	3	3	6	2	1	1	3	4	4	4	2	2	1	0	1	4	1	0	4	2	4	1	0	4
4	2	3	9	17	1	1	0	3	5	4	1	1	0	7	0	3	3	2	6	1	0	0	0	0	0	0	0	0	1
0	3	4	3	2	3	2	2	4	3	4	4	4	5	1	1	5	3	2	1	2	2	0	1	2	1	3	0	4	2
7	0	0	0	2	3	1	0	3	1	2	1	0	1	3	10	1	2	1	0	0	5	0	0	2	4	6	2	0	3
2	1	2	3	1	8	3	4	2	1	1	1	2	4	1	2	0	0	3	0	1	1	2	1	1	1	4	3	1	4
0	0	0	0	0	0	0	0	0	0	0	0	0	0	0	0	0	0	0	0	0	13	1	0	6	6	6	2	8	4
0	0	0	0	0	0	0	0	0	0	0	0	0	0	0	0	0	0	0	0	0	0	21	0	0	21	0	0	0	0
0	0	12	0	0	0	0	0	0	0	0	1	3	1	0	0	0	0	0	8	0	0	0	0	0	0	0	0	0	0
