X204.014D.final	X204.0A78.final	X204.0E29.final	X204.1D21.final	X204.2401.final	X204.2B00.final	X204.362D.final	X204.3B49.final	X204.4305.final	X204.691B.final	X213.0433.final	X213.0F6A.final	X213.1B7C.final	X213.3451.final	X213.3C4E.final	X213.4410.final	X213.496F.final	X213.5D38.final	X213.6224.final	X213.7B56.final	X215.0302.t.2	X215.0646.t.2	X215.0B2B.t.2	X215.0B59.t.2	X215.340E.t.2	X215.406C.t.2	X215.471D.t.2	X215.591C.t.2	X215.6E50.t.2	X215.7262.t.2
seq20	190	76	27	111	649	36	75	147	86	190	181	68	134	111	290	99	115	127	73	52	5	27	27	15	41	29	20	8	1	8
seq58	67	85	108	193	206	134	71	37	190	89	68	97	118	66	150	228	133	97	289	134	9	19	16	43	36	62	23	4	13	80
seq9	0	0	321	1	5	465	208	1	570	2	522	218	10	346	416	8	499	3	631	234	214	38	97	67	831	1666	174	584	122	253
seq8	1187	665	1938	859	2847	2555	1181	594	4055	2197	6142	1657	3093	1164	10733	1733	1576	8141	4753	4430	531	587	487	634	2915	3807	1009	1116	387	997
seq70	65	31	33	109	195	101	38	46	266	104	57	72	40	21	266	20	34	107	86	188	13	22	7	41	106	59	44	9	14	64
seq78	36	60	12	31	88	87	75	62	37	125	9	52	61	2	4	11	0	83	38	38	6	6	23	41	257	49	40	31	31	23
seq7	1098	1159	1283	550	2654	1284	693	364	3372	1555	6979	1241	993	398	2733	1021	415	1444	3293	3697	78	418	94	227	6462	2015	2245	103	95	282
seq84	34	34	35	6	198	88	18	18	122	92	78	102	37	9	222	10	9	47	337	90	0	10	1	10	15	17	6	6	3	14
seq42	123	73	78	15	101	119	88	23	108	122	103	119	20	16	64	80	22	47	126	51	35	133	56	43	1393	717	758	84	68	105
seq56	81	40	70	45	427	431	129	37	272	160	284	123	38	54	599	39	31	165	410	260	6	4	5	1	312	20	38	1	0	32
seq178	16	1	5	18	32	11	8	3	11	11	12	5	6	4	7	8	3	10	4	20	0	1	0	1	0	1	1	0	0	1
seq35	71	94	188	186	184	87	118	55	110	234	623	279	237	145	178	175	141	151	457	219	15	134	48	59	81	100	45	28	10	49
seq155	2	1	38	0	5	2	7	3	10	4	26	21	10	4	1	8	4	10	1	2	0	1	0	0	4	3	5	1	0	12
seq21	814	67	570	28	710	1360	384	172	300	240	389	396	96	434	555	259	13	323	719	657	22	100	54	142	518	464	448	92	114	266
seq36	49	135	0	108	84	6	47	3	99	212	304	316	91	12	443	110	11	199	1564	34	0	163	2	0	3	301	0	127	31	1
seq47	0	0	0	0	0	0	0	0	0	0	0	0	0	0	0	0	0	0	0	0	29	268	29	36	255	551	408	110	9	194
seq109	1	3	0	6	2	3	2	4	11	20	0	0	0	0	0	0	0	0	0	0	11	53	7	33	95	196	107	35	33	42
seq251	0	0	0	0	0	0	0	0	0	0	0	0	0	0	0	0	0	0	0	0	12	1	9	0	0	0	29	12	8	0
seq76	99	84	100	76	66	114	102	46	96	129	22	31	3	29	4	61	11	15	43	17	19	133	43	70	198	216	80	57	24	67
seq29	70	102	86	175	146	124	65	111	306	223	186	55	145	63	110	91	23	140	61	449	8	26	21	36	70	47	134	34	41	56
seq77	32	9	29	12	29	24	19	6	14	41	22	19	18	19	24	40	7	8	38	37	35	77	11	32	25	103	70	17	16	19
seq142	15	8	17	6	7	3	5	9	6	4	29	5	0	9	4	1	3	4	21	57	7	9	2	3	21	8	25	5	1	6
seq46	39	62	18	45	37	22	32	22	77	73	48	51	47	26	39	138	11	47	59	75	10	38	17	24	211	180	130	24	20	52
seq17	24	39	44	17	66	58	33	26	38	222	918	36	105	9	88	54	12	162	135	518	22	152	23	41	762	285	749	22	2	198
seq147	6	9	4	54	47	42	26	10	11	26	88	2	51	17	92	7	13	98	2	5	0	5	0	6	4	3	8	3	1	1
seq45	114	73	187	313	326	78	46	79	176	248	666	168	202	89	434	160	43	470	588	655	26	105	39	133	373	175	91	43	22	110
seq24	572	162	219	125	179	715	433	896	304	369	642	275	50	101	58	163	77	137	222	1053	32	107	5	117	18	91	26	15	26	22
seq176	9	0	0	1	0	2	2	0	3	1	2	1	1	3	3	7	3	2	1	0	0	11	1	2	4	6	16	5	1	0
seq3	2157	5647	5126	3	9436	10993	5912	1431	3429	7117	2828	2764	6	3888	1431	968	946	1299	3682	11089	0	3361	395	741	727	6	1052	672	334	3
seq39	155	67	90	174	701	142	74	84	275	244	306	91	141	113	233	123	47	211	134	536	13	64	22	49	66	70	33	21	13	25
seq52	125	196	99	218	144	209	80	239	394	322	445	113	93	129	74	161	53	312	94	219	17	154	21	51	376	252	218	48	47	80
seq179	5	6	7	4	8	3	4	2	2	64	15	2	7	6	5	3	8	15	3	2	0	9	1	0	9	19	11	1	0	0
seq100	21	8	45	40	77	84	21	12	33	32	53	16	37	23	9	3	4	79	6	170	2	4	2	2	11	11	7	6	0	2
seq54	38	4	75	19	19	5	14	6	29	28	7	69	28	6	32	48	20	8	101	38	28	86	28	35	227	152	113	46	18	122
seq60	84	92	56	8	58	35	56	59	8	91	24	41	7	9	10	22	6	7	29	64	34	245	16	43	340	281	243	21	12	131
seq144	39	8	48	35	34	70	26	23	30	32	72	34	23	14	68	10	28	24	42	49	6	6	1	5	31	25	20	5	2	12
seq23	37	265	795	687	134	479	381	432	514	1009	296	47	276	846	77	88	172	484	130	521	6	1511	108	362	223	1029	562	60	21	192
seq93	0	5	0	0	10	0	1	8	1	32	33	3	0	6	0	0	6	1	12	1	27	221	106	0	213	126	53	0	7	0
seq90	35	7	25	22	49	149	50	56	39	121	21	95	52	43	113	31	19	57	95	39	8	35	25	30	23	31	29	13	5	23
seq2	11	18	8	10	12	5	14	17	14	14	16	17	18	13	16	16	13	13	12	11	19163	11	20995	16	15	14	21465	27670	34469	9
seq4	620	503	105	460	358	709	186	471	297	1252	1376	788	584	258	175	398	124	742	1	1984	135	291	311	369	922	201	1687	132	141	279
seq145	6	4	18	1	84	26	7	4	46	29	60	11	12	15	37	9	6	26	10	84	0	5	3	5	5	10	2	1	1	1
seq26	2	9	83	14	465	7	3	25	494	6	15	45	23	17	73	79	67	8	38	16	15	140	25	23	15	15	11	10	10	8
seq171	3	11	7	3	6	5	4	4	6	4	4	3	4	5	7	3	3	2	1	2	1	3	4	3	6	13	4	3	6	6
seq10	1515	407	1328	1953	2566	1830	818	918	1270	347	2601	391	1667	1072	1743	1223	790	2724	543	2048	4	70	6	80	32	152	30	22	15	64
seq68	52	30	92	160	332	90	36	31	281	60	104	78	42	52	94	27	34	128	37	372	1	12	1	7	1	9	20	14	4	9
seq148	8	8	17	26	74	9	9	14	10	14	21	9	16	9	14	7	5	14	4	9	1	4	0	1	4	6	2	0	0	1
seq188	4	2	2	2	2	4	2	3	2	2	5	0	5	3	2	4	1	1	2	2	3	0	1	3	4	5	3	1	2	2
seq143	15	6	50	39	47	99	1	8	47	14	9	5	7	10	13	0	10	12	29	37	1	7	2	5	1	6	0	4	1	3
seq120	26	32	86	117	201	31	56	40	159	47	70	11	14	21	21	110	13	30	1	52	2	19	3	2	2	14	3	2	0	4
seq157	28	0	0	0	0	0	0	0	0	30	0	33	0	0	0	0	0	72	5	1	0	26	0	0	0	0	0	0	0	0
seq135	8	8	46	45	82	21	16	10	77	23	62	15	21	13	56	26	21	28	9	28	2	20	8	14	15	27	14	8	3	10
seq79	42	28	51	176	691	19	38	26	251	163	40	8	31	12	53	6	24	56	67	422	2	24	8	20	4	33	0	6	2	6
seq190	3	0	1	6	33	1	5	1	17	11	8	0	4	0	11	0	1	7	8	39	1	5	2	4	4	5	1	1	1	5
seq12	721	71	1436	1012	2992	714	256	117	2114	835	406	121	235	125	419	99	150	489	183	1975	11	60	38	32	533	151	86	142	55	30
seq172	10	5	9	14	52	10	8	2	18	19	18	6	44	6	8	3	11	10	2	44	0	0	0	4	1	3	0	0	1	2
seq99	1	6	2	7	2	4	3	4	12	6	9	3	5	3	10	4	5	9	12	7	4	8	3	5	21	9	8	4	3	4
seq82	7	1	3	3	1	11	1	5	1	4	16	0	1	0	7	5	2	1	1	19	114	278	348	138	160	222	208	46	13	169
seq235	5	1	1	8	12	1	2	0	3	6	2	1	2	1	8	1	1	3	3	4	0	0	0	1	1	0	0	0	0	0
seq1	43867	43200	39532	45161	24102	29226	42437	47691	24381	31082	20297	42896	43163	45092	27380	43375	48757	32881	27204	16184	34996	44862	31785	51090	28040	37492	18878	23565	19358	49849
seq227	4	6	3	3	3	3	0	1	2	6	6	4	8	1	4	6	0	3	5	2	4	5	1	3	7	5	4	2	3	0
seq213	2	7	5	1	4	8	2	2	6	4	6	5	6	1	8	4	2	5	0	3	2	0	3	2	5	7	6	7	3	9
seq202	3	4	4	1	1	3	4	1	4	2	6	5	8	7	2	2	3	3	3	1	4	3	2	4	6	5	2	2	0	1
seq169	11	13	16	18	11	14	13	16	9	15	10	13	15	24	8	17	15	19	11	8	8	18	8	11	14	13	9	5	12	15
seq115	8	7	28	31	69	38	12	9	29	9	53	13	9	23	33	24	15	43	43	35	1	14	0	4	49	22	24	11	6	11
seq50	47	46	132	51	287	125	42	134	236	275	128	68	70	75	44	47	36	127	40	228	5	69	13	11	29	172	28	10	3	11
seq65	23	44	35	14	15	9	6	14	27	13	55	13	18	14	6	15	7	16	56	89	0	67	1	38	51	151	0	0	0	33
seq75	0	0	0	23	1	0	0	0	45	137	0	6	13	1	1	0	3	5	21	85	1	0	44	3	683	15	224	4	0	14
seq5	748	2037	711	1992	2337	2342	1086	1178	8851	5122	5827	2410	3318	674	5559	4056	1200	3249	8808	5697	194	1094	507	585	5134	2047	3974	726	311	1340
seq40	293	12	159	9	92	110	115	37	30	22	66	24	19	21	51	23	19	32	15	12	0	368	1	254	2007	1608	7	4	6	398
seq59	81	0	4	163	775	43	93	28	241	263	48	32	8	36	10	2	0	15	5	18	3	70	7	11	44	45	15	20	3	8
seq193	1	1	11	6	5	3	3	0	7	3	12	5	2	3	7	7	8	0	4	8	0	7	0	2	0	3	0	0	0	1
seq131	69	2	23	2	5	1	1	0	2	7	4	20	3	0	6	21	17	1	78	15	4	5	0	23	5	51	2	33	2	1
seq196	5	1	14	2	14	4	4	2	13	3	1	5	2	2	3	6	0	9	3	17	0	3	0	0	0	0	1	1	1	1
seq88	25	8	35	14	32	32	29	10	30	24	65	23	54	25	81	46	15	31	51	55	8	10	2	9	63	78	52	22	3	24
seq25	216	85	167	153	275	323	164	51	1564	342	2074	229	273	132	461	341	104	652	406	687	24	78	19	43	861	218	160	53	10	128
