X204.014D.final	X204.0A78.final	X204.0E29.final	X204.1D21.final	X204.2401.final	X204.2B00.final	X204.362D.final	X204.3B49.final	X204.4305.final	X204.691B.final	X213.0433.final	X213.0F6A.final	X213.1B7C.final	X213.3451.final	X213.3C4E.final	X213.4410.final	X213.496F.final	X213.5D38.final	X213.6224.final	X213.7B56.final	X215.0302.final	X215.0646.final	X215.0B2B.final	X215.0B59.final	X215.340E.final	X215.406C.final	X215.471D.final	X215.591C.final	X215.6E50.final	X215.7262.final
43867	43200	39532	45161	24102	29226	42437	47691	24381	31082	20297	42896	43163	45092	27380	43375	48757	32881	27204	16184	25340	41904	6848	37005	45958	51175	22056	24490	22459	50321
11	18	8	10	12	5	14	17	14	14	16	17	18	13	16	16	13	13	12	11	28220	13	45186	6	83	6	30559	28824	30785	11
2157	5647	5126	3	9436	10993	5912	1431	3429	7117	2828	2764	6	3888	1431	968	946	1299	3682	11089	0	4453	658	5859	2246	0	191	461	336	0
748	2037	711	1992	2337	2342	1086	1178	8851	5122	5827	2410	3318	674	5559	4056	1200	3249	8808	5697	219	1222	481	1578	888	410	366	322	240	423
1187	665	1938	859	2847	2555	1181	594	4055	2197	6142	1657	3093	1164	10733	1733	1576	8141	4753	4430	475	1349	674	1487	1243	757	684	346	474	551
1098	1159	1283	550	2654	1284	693	364	3372	1555	6979	1241	993	398	2733	1021	415	1444	3293	3697	61	666	89	395	437	157	292	60	161	300
1515	407	1328	1953	2566	1830	818	918	1270	347	2601	391	1667	1072	1743	1223	790	2724	543	2048	10	97	14	223	54	54	18	8	22	503
620	503	105	460	358	709	186	471	297	1252	1376	788	584	258	175	398	124	742	1	1984	170	470	401	5452	587	372	95	158	176	762
721	71	1436	1012	2992	714	256	117	2114	835	406	121	235	125	419	99	150	489	183	1975	29	277	22	87	54	58	124	40	53	49
37	265	795	687	134	479	381	432	514	1009	296	47	276	846	77	88	172	484	130	521	1	1088	11	456	166	607	19	258	93	313
814	67	570	28	710	1360	384	172	300	240	389	396	96	434	555	259	13	323	719	657	51	122	67	252	188	64	99	21	91	47
216	85	167	153	275	323	164	51	1564	342	2074	229	273	132	461	341	104	652	406	687	17	109	33	178	101	26	28	17	29	48
572	162	219	125	179	715	433	896	304	369	642	275	50	101	58	163	77	137	222	1053	146	152	2	121	115	135	75	38	96	10
2	9	83	14	465	7	3	25	494	6	15	45	23	17	73	79	67	8	38	16	122	943	166	355	861	785	150	285	154	1362
0	0	321	1	5	465	208	1	570	2	522	218	10	346	416	8	499	3	631	234	158	113	118	63	402	218	159	105	147	59
114	73	187	313	326	78	46	79	176	248	666	168	202	89	434	160	43	470	588	655	23	184	95	179	84	62	47	24	39	26
71	94	188	186	184	87	118	55	110	234	623	279	237	145	178	175	141	151	457	219	45	340	40	92	63	65	46	42	15	136
155	67	90	174	701	142	74	84	275	244	306	91	141	113	233	123	47	211	134	536	24	39	12	118	59	53	19	23	22	67
125	196	99	218	144	209	80	239	394	322	445	113	93	129	74	161	53	312	94	219	11	164	28	96	71	54	16	25	27	148
49	135	0	108	84	6	47	3	99	212	304	316	91	12	443	110	11	199	1564	34	0	151	15	0	4	34	1	20	9	0
81	40	70	45	427	431	129	37	272	160	284	123	38	54	599	39	31	165	410	260	6	7	12	26	61	11	13	0	1	11
70	102	86	175	146	124	65	111	306	223	186	55	145	63	110	91	23	140	61	449	58	37	70	388	53	53	131	18	43	23
24	39	44	17	66	58	33	26	38	222	918	36	105	9	88	54	12	162	135	518	15	165	15	135	92	136	48	23	3	77
190	76	27	111	649	36	75	147	86	190	181	68	134	111	290	99	115	127	73	52	5	28	6	22	23	43	14	10	5	20
67	85	108	193	206	134	71	37	190	89	68	97	118	66	150	228	133	97	289	134	7	50	13	8	26	20	14	5	9	14
47	46	132	51	287	125	42	134	236	275	128	68	70	75	44	47	36	127	40	228	11	63	2	20	17	33	3	7	8	35
293	12	159	9	92	110	115	37	30	22	66	24	19	21	51	23	19	32	15	12	6	307	3	324	393	83	11	4	9	104
42	28	51	176	691	19	38	26	251	163	40	8	31	12	53	6	24	56	67	422	4	23	10	18	19	24	3	14	16	5
123	73	78	15	101	119	88	23	108	122	103	119	20	16	64	80	22	47	126	51	27	83	39	121	206	28	114	40	32	94
52	30	92	160	332	90	36	31	281	60	104	78	42	52	94	27	34	128	37	372	4	8	1	9	0	0	9	4	6	12
65	31	33	109	195	101	38	46	266	104	57	72	40	21	266	20	34	107	86	188	10	60	30	61	20	22	13	7	17	3
81	0	4	163	775	43	93	28	241	263	48	32	8	36	10	2	0	15	5	18	4	50	3	13	15	20	3	10	8	26
7	1	3	3	1	11	1	5	1	4	16	0	1	0	7	5	2	1	1	19	527	200	347	187	213	54	194	33	49	67
34	34	35	6	198	88	18	18	122	92	78	102	37	9	222	10	9	47	337	90	1	12	14	24	15	14	7	2	3	3
99	84	100	76	66	114	102	46	96	129	22	31	3	29	4	61	11	15	43	17	30	128	23	51	88	60	32	35	53	19
35	7	25	22	49	149	50	56	39	121	21	95	52	43	113	31	19	57	95	39	9	23	16	15	68	28	20	8	39	27
39	62	18	45	37	22	32	22	77	73	48	51	47	26	39	138	11	47	59	75	8	55	10	59	79	27	22	15	15	15
84	92	56	8	58	35	56	59	8	91	24	41	7	9	10	22	6	7	29	64	9	126	5	61	67	45	28	34	27	54
26	32	86	117	201	31	56	40	159	47	70	11	14	21	21	110	13	30	1	52	0	11	0	5	1	3	0	1	0	12
36	60	12	31	88	87	75	62	37	125	9	52	61	2	4	11	0	83	38	38	7	9	14	47	74	6	11	10	16	17
38	4	75	19	19	5	14	6	29	28	7	69	28	6	32	48	20	8	101	38	6	144	32	34	54	14	30	36	26	13
21	8	45	40	77	84	21	12	33	32	53	16	37	23	9	3	4	79	6	170	2	6	17	8	7	6	5	1	5	1
32	9	29	12	29	24	19	6	14	41	22	19	18	19	24	40	7	8	38	37	9	56	14	87	28	33	14	21	18	93
39	8	48	35	34	70	26	23	30	32	72	34	23	14	68	10	28	24	42	49	4	10	2	11	9	2	3	6	8	3
25	8	35	14	32	32	29	10	30	24	65	23	54	25	81	46	15	31	51	55	1	10	1	8	3	2	7	1	0	2
0	5	0	0	10	0	1	8	1	32	33	3	0	6	0	0	6	1	12	1	7	6	51	0	366	16	63	0	78	0
8	8	46	45	82	21	16	10	77	23	62	15	21	13	56	26	21	28	9	28	4	15	2	15	8	14	2	4	3	15
23	44	35	14	15	9	6	14	27	13	55	13	18	14	6	15	7	16	56	89	0	110	1	53	14	20	0	0	0	6
6	9	4	54	47	42	26	10	11	26	88	2	51	17	92	7	13	98	2	5	2	4	0	11	3	1	2	0	0	2
0	0	0	23	1	0	0	0	45	137	0	6	13	1	1	0	3	5	21	85	1	0	90	0	131	1	47	0	0	0
8	7	28	31	69	38	12	9	29	9	53	13	9	23	33	24	15	43	43	35	2	29	1	1	5	5	4	1	0	0
6	4	18	1	84	26	7	4	46	29	60	11	12	15	37	9	6	26	10	84	1	5	3	3	2	3	0	0	0	1
15	6	50	39	47	99	1	8	47	14	9	5	7	10	13	0	10	12	29	37	0	0	0	3	0	0	0	1	0	2
0	0	0	0	0	0	0	0	0	0	0	0	0	0	0	0	0	0	0	0	9	110	36	64	67	16	25	36	26	16
11	13	16	18	11	14	13	16	9	15	10	13	15	24	8	17	15	19	11	8	5	12	6	7	15	7	11	11	12	16
10	5	9	14	52	10	8	2	18	19	18	6	44	6	8	3	11	10	2	44	2	23	4	2	5	4	2	3	2	11
69	2	23	2	5	1	1	0	2	7	4	20	3	0	6	21	17	1	78	15	1	5	0	35	1	11	2	5	2	1
8	8	17	26	74	9	9	14	10	14	21	9	16	9	14	7	5	14	4	9	0	5	0	1	2	2	1	0	0	1
0	0	0	0	0	0	0	0	0	0	0	0	0	0	0	0	0	0	0	0	30	15	113	15	11	1	23	8	14	1
15	8	17	6	7	3	5	9	6	4	29	5	0	9	4	1	3	4	21	57	0	0	3	1	3	3	1	0	2	1
28	0	0	0	0	0	0	0	0	30	0	33	0	0	0	0	0	72	5	1	0	46	0	0	0	0	0	0	0	0
16	1	5	18	32	11	8	3	11	11	12	5	6	4	7	8	3	10	4	20	0	4	0	3	0	1	0	0	0	3
5	6	7	4	8	3	4	2	2	64	15	2	7	6	5	3	8	15	3	2	0	5	0	2	2	3	0	0	0	2
3	0	1	6	33	1	5	1	17	11	8	0	4	0	11	0	1	7	8	39	1	2	2	4	0	0	1	1	0	2
2	1	38	0	5	2	7	3	10	4	26	21	10	4	1	8	4	10	1	2	0	0	0	2	0	0	1	0	0	1
1	6	2	7	2	4	3	4	12	6	9	3	5	3	10	4	5	9	12	7	4	3	0	8	9	3	5	2	5	4
1	3	0	6	2	3	2	4	11	20	0	0	0	0	0	0	0	0	0	0	1	41	3	6	29	5	5	2	5	8
2	7	5	1	4	8	2	2	6	4	6	5	6	1	8	4	2	5	0	3	4	2	1	7	9	2	3	2	1	5
5	1	14	2	14	4	4	2	13	3	1	5	2	2	3	6	0	9	3	17	1	2	0	1	0	0	0	0	0	2
1	1	11	6	5	3	3	0	7	3	12	5	2	3	7	7	8	0	4	8	0	11	0	3	0	2	0	0	0	1
3	11	7	3	6	5	4	4	6	4	4	3	4	5	7	3	3	2	1	2	1	1	0	2	3	7	4	3	2	2
3	4	4	1	1	3	4	1	4	2	6	5	8	7	2	2	3	3	3	1	2	3	1	2	5	4	1	3	2	1
4	6	3	3	3	3	0	1	2	6	6	4	8	1	4	6	0	3	5	2	1	2	0	2	6	4	3	0	1	1
4	2	2	2	2	4	2	3	2	2	5	0	5	3	2	4	1	1	2	2	1	3	4	0	2	5	1	1	0	7
9	0	0	1	0	2	2	0	3	1	2	1	1	3	3	7	3	2	1	0	2	8	0	3	7	1	0	5	1	1
5	1	1	8	12	1	2	0	3	6	2	1	2	1	8	1	1	3	3	4	0	1	0	0	0	0	0	0	0	1
0	0	0	0	0	0	0	0	0	0	0	0	0	0	0	0	0	0	0	0	26	0	20	0	0	0	0	0	0	0
