X204.014D.final	X204.0A78.final	X204.0E29.final	X204.1D21.final	X204.2401.final	X204.2B00.final	X204.362D.final	X204.3B49.final	X204.4305.final	X204.691B.final	X213.0433.final	X213.0F6A.final	X213.1B7C.final	X213.3451.final	X213.3C4E.final	X213.4410.final	X213.496F.final	X213.5D38.final	X213.6224.final	X213.7B56.final	X216.0023.t.2	X216.167D.t.2	X216.2D17.t.2	X216.4D34.t.2	X216.5D52.t.2	X216.671C.t.2	X216.6807.t.2	X216.737F.t.2	X216.7C29.t.2	X216.7D1C.t.2
seq20	190	76	27	119	650	36	75	145	85	192	181	68	134	109	291	99	104	130	79	46	12	7	1	27	18	10	19	5	10	13
seq58	67	85	108	178	205	133	71	37	190	89	67	98	118	66	150	230	128	97	289	135	32	22	20	77	33	16	24	15	32	143
seq9	0	0	321	1	5	471	207	1	568	2	523	218	10	345	415	8	507	3	622	218	0	129	48	0	0	471	204	1	0	0
seq8	1187	665	1938	848	2850	2566	1181	596	4061	2168	6154	1653	3096	1162	10701	1731	1553	8100	4763	4412	483	543	327	441	304	1046	875	534	694	578
seq70	65	31	33	104	195	101	38	46	268	106	58	72	40	21	268	20	33	114	80	176	11	111	52	18	10	38	121	47	10	96
seq78	36	60	12	35	88	87	76	62	35	133	9	52	61	2	4	11	0	84	35	38	11	129	63	18	37	91	30	33	9	19
seq7	1098	1159	1283	540	2653	1277	694	365	3364	1575	6982	1238	993	398	2721	1024	425	1419	3314	3795	87	4117	194	97	261	331	1134	334	272	302
seq84	34	34	35	6	198	88	18	17	122	85	72	102	37	9	218	10	10	44	360	94	4	12	4	5	4	7	14	6	2	9
seq42	123	73	78	17	101	119	89	24	107	120	102	119	20	16	68	81	31	50	137	45	2	503	42	1	2	82	113	93	4	54
seq56	81	40	70	45	425	429	128	38	274	165	281	123	38	54	596	39	41	178	394	281	0	12	6	0	3	23	8	6	3	7
seq178	16	1	5	16	32	11	8	3	11	11	11	5	6	4	8	8	4	11	4	23	1	0	2	1	1	1	0	2	3	0
seq35	71	94	188	178	183	87	118	55	110	230	642	279	238	144	182	176	134	153	474	221	68	31	42	28	67	43	43	40	89	90
seq155	2	1	38	0	5	2	7	3	11	4	27	21	10	4	2	8	2	15	0	4	0	0	0	0	0	0	0	0	0	0
seq21	814	67	570	32	712	1359	385	171	300	234	387	397	96	433	547	262	9	343	696	609	60	860	201	95	381	168	831	211	395	673
seq36	49	135	0	107	84	6	46	3	99	213	298	315	91	12	450	110	19	209	1547	36	21	54	5	28	83	0	14	145	222	161
seq47	0	0	0	0	0	0	0	0	0	0	0	0	0	0	0	0	0	0	0	0	16	270	72	0	0	74	163	83	49	326
seq109	1	3	0	5	2	3	2	4	11	20	0	0	0	0	0	0	0	0	0	0	73	27	1	45	78	12	17	36	8	33
seq76	99	84	100	78	66	114	102	46	95	133	21	31	3	29	6	61	15	20	39	17	27	124	33	29	48	49	98	64	121	143
seq29	70	102	86	183	147	124	66	111	303	232	178	55	146	63	106	91	22	130	61	465	70	61	12	53	26	31	139	65	25	44
seq77	32	9	29	13	29	24	19	7	14	41	19	19	18	19	25	40	7	7	39	38	27	24	8	24	33	24	42	111	23	29
seq142	15	8	17	6	6	3	5	9	6	4	27	5	0	9	4	1	3	4	20	52	0	6	4	2	5	5	11	4	0	0
seq46	39	62	18	49	37	23	32	22	76	66	44	51	47	26	41	139	9	43	57	77	30	115	10	13	18	25	54	34	24	63
seq17	24	39	44	18	66	57	33	25	39	210	921	37	105	9	82	52	12	169	151	502	0	4	0	0	196	63	195	134	33	51
seq147	6	9	4	56	47	44	26	10	11	27	83	2	51	17	93	7	9	108	3	7	0	0	0	1	8	3	8	6	0	0
seq45	114	73	187	309	324	79	45	79	176	246	683	168	204	89	434	161	47	480	583	654	41	70	25	58	54	43	48	63	61	86
seq24	572	162	219	127	180	715	436	893	304	360	643	275	50	101	60	163	83	137	225	1048	26	9	20	9	2	35	90	78	22	23
seq176	9	0	0	1	0	2	2	0	3	1	1	1	1	3	3	7	3	2	1	0	0	8	0	0	1	2	6	3	0	5
seq3	2157	5647	5126	1	9426	10978	5917	1431	3434	7096	2837	2755	6	3883	1426	969	943	1284	3657	10998	2	466	217	0	230	1235	954	855	860	390
seq39	155	67	90	168	698	149	74	83	274	236	296	91	140	113	233	122	54	210	118	530	13	26	10	18	12	25	48	39	28	25
seq52	125	196	99	211	144	208	80	239	385	316	444	113	95	129	68	162	54	296	81	200	33	151	16	38	55	44	94	89	40	63
seq179	5	6	7	5	8	6	4	2	2	63	16	2	7	6	4	3	4	16	2	5	0	1	0	0	1	0	2	0	0	2
seq100	21	8	45	44	77	84	21	12	33	35	56	16	37	24	10	3	5	79	5	187	5	5	2	8	4	1	4	2	6	4
seq54	38	4	75	19	19	7	14	6	29	25	8	70	28	6	32	49	23	9	98	36	56	61	27	115	109	54	47	42	74	269
seq60	84	92	56	8	58	33	56	59	8	96	31	40	7	9	11	22	6	8	30	70	48	210	24	56	156	117	172	157	115	140
seq144	39	8	48	34	35	77	26	23	30	32	73	35	23	14	64	10	21	20	40	53	6	9	6	3	4	7	8	3	2	5
seq23	37	265	795	690	134	465	381	430	511	1020	305	47	275	846	82	88	185	487	108	512	2	154	56	3	7	149	190	133	80	47
seq93	0	5	0	0	10	0	1	8	1	34	34	3	0	6	0	0	7	1	12	0	50	81	0	36	43	71	164	0	137	28
seq90	35	7	25	23	49	148	50	56	39	126	23	96	52	43	118	29	15	59	94	39	9	12	13	3	7	18	48	34	7	27
seq2	11	18	8	9	13	5	14	17	14	13	15	16	18	13	11	15	12	15	15	10	25646	21563	17482	30452	28762	15640	46	30826	14378	21824
seq4	620	503	105	446	356	693	185	472	295	1267	1370	787	586	258	173	397	115	730	1	2044	74	2367	115	30	108	38	170	216	92	140
seq125	0	0	0	0	0	0	0	0	0	0	0	0	0	0	0	0	0	0	0	0	1	3	19	1	5	5	37	26	13	120
seq145	6	4	18	1	84	20	7	4	46	27	57	10	12	15	37	9	3	23	10	94	0	1	1	2	2	2	6	1	0	2
seq26	2	9	83	15	466	9	3	26	488	6	19	45	23	17	79	80	61	10	39	16	10	29	11	8	9	4	30	7	33	5
seq171	3	11	7	3	6	5	4	4	6	3	4	3	4	5	6	3	2	2	3	3	6	3	4	1	4	4	4	2	1	3
seq10	1515	407	1328	1960	2563	1830	819	921	1269	368	2625	393	1671	1068	1750	1220	795	2717	540	1971	50	29	14	96	149	44	131	55	6	30
seq68	52	30	92	164	341	89	36	29	282	73	109	78	42	51	99	27	23	126	37	367	8	9	1	6	3	5	13	20	18	9
seq148	8	8	17	25	72	9	9	14	10	12	22	9	16	9	13	7	5	13	2	12	0	1	1	0	0	1	1	1	0	1
seq188	4	2	2	2	3	4	2	3	2	2	5	0	5	3	3	4	1	1	2	2	1	2	2	0	4	2	4	1	1	3
seq143	15	6	50	38	40	92	1	8	46	14	12	5	7	9	15	0	7	11	26	35	0	1	1	0	0	0	2	5	0	4
seq120	26	32	86	119	210	33	56	40	157	44	68	11	14	21	22	109	9	29	1	56	5	4	1	1	2	2	2	5	4	1
seq157	28	0	0	0	0	0	0	0	0	27	0	33	0	0	0	0	0	74	7	1	2	0	0	0	0	0	0	0	56	0
seq135	8	8	46	45	83	23	16	10	76	21	66	15	22	13	59	26	22	29	11	24	0	9	3	0	0	6	8	16	1	19
seq79	42	28	51	180	674	21	37	26	255	159	37	8	31	12	54	6	25	59	67	407	3	2	6	4	3	7	17	16	14	10
seq190	3	0	1	5	34	1	5	1	17	9	7	0	4	0	10	0	1	9	6	37	0	0	3	0	0	2	1	2	2	4
seq12	721	71	1436	1017	3005	706	256	117	2117	831	392	121	236	125	405	99	151	472	190	1999	22	401	17	106	26	33	89	12	189	21
seq172	10	5	9	14	54	11	8	2	19	20	16	6	44	6	7	3	11	9	3	54	0	1	0	1	4	0	0	1	1	0
seq99	1	6	2	6	2	1	3	3	12	8	8	3	5	3	10	4	7	12	9	6	6	11	2	4	6	4	6	4	0	12
seq82	7	1	3	2	1	10	1	5	1	4	15	0	1	0	7	5	2	1	0	17	43	24	28	13	115	23	39	25	50	1446
seq235	5	1	1	7	11	1	2	0	3	6	3	1	2	1	6	1	2	2	3	7	0	0	0	0	1	0	1	0	0	1
seq1	43867	43222	39547	45195	24138	29275	42425	47715	24351	31122	20309	42929	43147	45090	27480	43334	48711	32953	27265	16254	26633	20153	35802	22236	20829	34508	46557	19821	35760	25968
seq227	4	5	2	3	4	3	4	1	1	4	5	4	5	3	4	5	1	2	4	1	2	2	2	1	7	6	7	4	1	2
seq243	0	1	5	1	0	2	0	1	0	1	2	1	5	4	4	5	0	4	4	3	3	4	1	0	3	1	4	1	3	3
seq213	2	8	6	2	6	7	3	2	5	4	4	5	3	4	6	4	5	6	2	4	1	4	1	1	4	4	5	1	0	5
seq202	3	5	3	2	1	3	2	1	5	3	6	2	7	3	4	4	3	3	6	1	2	2	1	2	3	3	2	3	2	2
seq169	11	14	14	16	13	13	6	17	12	14	13	13	12	17	11	18	9	16	12	7	11	16	11	7	10	13	12	7	12	10
seq115	8	6	29	26	74	40	11	12	34	10	57	14	7	23	29	19	12	47	35	36	4	11	1	7	2	5	12	4	2	6
seq50	47	44	131	58	292	129	38	124	219	270	123	69	79	74	42	46	35	125	38	231	14	25	9	4	5	16	34	28	36	17
seq65	23	42	33	17	11	8	6	10	26	14	54	11	11	16	7	14	10	17	65	93	20	2	5	14	24	0	27	1	24	79
seq75	0	0	0	25	0	0	0	0	45	146	0	4	9	1	2	0	2	5	18	93	0	2	0	0	0	0	5	6	1	0
seq5	748	2006	694	1972	2295	2342	1091	1156	8921	5078	5785	2362	3331	686	5516	4088	1234	3221	8794	5691	1859	1203	405	1507	3006	812	614	590	1425	1726
seq40	293	13	170	9	101	106	116	42	34	24	64	26	17	24	47	23	18	31	14	11	54	1242	443	12	262	295	1946	646	143	224
seq59	81	0	3	159	781	43	99	28	231	273	48	33	8	37	8	2	0	16	6	18	5	20	2	7	26	8	16	18	21	11
seq193	1	1	11	6	5	4	3	0	7	3	11	5	1	5	6	6	12	0	2	8	0	1	0	0	0	1	0	4	0	0
seq131	69	3	20	3	4	1	1	1	2	5	4	20	2	1	5	23	19	1	71	13	1	25	3	0	1	16	9	33	34	12
seq196	5	1	12	1	21	3	4	3	12	5	1	0	3	1	3	5	1	8	2	17	1	0	1	4	2	1	0	2	16	0
seq88	25	10	30	16	31	33	29	10	27	26	65	29	69	23	79	41	15	30	53	49	45	41	2	28	74	9	10	6	31	71
seq25	216	92	169	157	257	310	165	54	1564	338	2062	257	258	136	458	352	132	652	419	685	142	363	37	95	238	66	101	77	170	261
