X204.014D.final	X204.0A78.final	X204.0E29.final	X204.1D21.final	X204.2401.final	X204.2B00.final	X204.362D.final	X204.3B49.final	X204.4305.final	X204.691B.final	X213.0433.final	X213.0F6A.final	X213.1B7C.final	X213.3451.final	X213.3C4E.final	X213.4410.final	X213.496F.final	X213.5D38.final	X213.6224.final	X213.7B56.final	X214.0446.final	X214.3644.final	X214.532E.final	X214.5D46.final	X214.665B.final	X214.6951.final	X214.7250.final	X214.7715.final	X214.7A4F.final	X214.7B6C.final
seq97	4	12	13	12	60	16	8	4	30	35	31	32	27	31	37	57	22	22	25	21	7	30	14	9	27	3	8	3	9	12
seq20	186	64	14	99	618	23	62	146	55	156	150	36	107	78	255	52	93	105	55	32	23	17	351	183	1368	34	194	9	309	447
seq130	5	3	22	0	5	9	4	19	6	3	0	0	0	0	0	0	0	0	0	0	26	49	21	6	3	2	0	0	9	25
seq58	65	83	108	193	186	139	73	35	190	91	67	98	118	66	150	239	133	97	291	135	84	120	114	60	116	30	118	24	44	101
seq9	0	0	318	1	1	456	210	1	564	0	524	214	3	340	406	0	498	3	608	226	307	1926	952	241	431	173	1432	244	124	755
seq8	6	2	551	5	10	738	319	4	923	6	788	359	7	457	645	22	700	10	1085	423	568	3106	1576	355	699	282	2369	402	190	1203
seq53	134	79	114	147	208	197	131	31	419	184	289	182	198	139	325	321	139	180	722	376	231	167	293	81	110	74	158	89	27	96
seq70	77	31	34	104	207	101	44	49	244	116	51	67	35	30	274	14	30	115	85	169	24	76	55	45	52	55	16	52	11	19
seq11	101	287	159	589	472	223	122	214	1778	538	469	711	183	170	374	124	139	491	966	2069	332	459	295	718	200	94	631	216	105	286
seq119	2	0	0	1	5	1	1	0	9	9	3	2	1	2	3	14	0	2	2	5	0	7	1	0	7	2	2	5	4	10
seq6	346	515	156	1008	360	1419	780	464	3510	3819	4257	332	2788	122	2942	3021	557	1721	3590	1569	1267	1776	4214	584	639	958	150	322	191	2158
seq78	33	65	15	31	99	80	73	68	35	128	7	57	60	2	4	12	0	81	43	42	162	32	70	59	54	43	128	43	19	24
seq7	1012	1083	583	127	1736	884	518	256	2600	1363	6493	1082	632	245	2260	883	218	1192	3017	3036	815	1743	2462	666	1290	1433	1222	709	476	1246
seq84	41	31	42	5	187	91	16	20	121	95	72	104	47	8	237	13	9	41	352	89	42	123	193	36	113	15	89	36	13	21
seq199	0	0	0	0	0	0	0	0	0	0	0	0	0	0	0	0	0	0	0	0	6	4	3	5	6	8	5	1	1	6
seq80	46	36	112	24	111	129	107	13	243	67	188	43	96	19	100	68	32	28	224	120	64	57	68	21	23	218	51	50	11	33
seq133	11	1	6	1	0	2	1	1	0	7	6	7	1	2	5	6	3	4	6	4	14	0	11	12	1	2	9	3	2	4
seq42	95	68	77	14	90	125	86	19	102	126	97	112	19	20	62	74	22	48	119	34	230	194	299	62	149	161	581	146	54	91
seq30	73	47	214	136	240	161	71	78	103	81	112	83	67	88	341	143	101	191	97	59	39	140	135	386	358	92	42	33	66	88
seq137	8	6	11	4	15	8	8	3	6	8	5	9	10	3	36	21	24	6	36	31	14	26	9	6	27	12	2	0	7	6
seq14	13	19	464	13	100	58	25	5	60	23	3942	12	1798	202	7781	7	153	6175	18	479	554	513	944	521	1489	474	24	187	335	220
seq15	610	88	123	215	1469	240	96	76	1235	1020	518	509	445	66	1007	154	69	1004	856	1570	433	1353	1146	224	479	719	179	306	164	252
seq22	202	340	160	242	289	809	427	307	882	457	26	316	31	43	126	11	271	214	1518	959	158	369	402	74	188	260	132	254	17	153
seq33	0	78	174	45	251	163	30	53	164	291	368	82	531	102	249	919	38	186	187	387	38	484	120	131	102	159	13	119	21	106
seq138	12	4	3	2	125	2	1	1	4	14	16	26	11	18	22	6	0	25	9	19	3	7	3	0	9	32	23	2	9	1
seq56	86	34	68	49	421	422	129	44	264	170	271	136	35	56	604	37	31	169	401	254	41	122	160	57	238	86	65	55	33	49
seq283	0	0	12	0	0	0	0	0	0	0	0	1	3	1	0	0	0	0	0	6	0	0	0	0	0	0	0	0	0	0
seq106	36	7	60	9	97	58	34	33	31	19	75	24	19	20	47	25	19	31	13	12	28	137	34	68	85	23	12	51	17	31
seq178	13	2	12	17	30	14	7	4	8	11	11	6	6	1	7	8	1	9	4	20	4	14	12	9	23	9	3	4	5	3
seq194	1	1	1	10	7	3	0	1	0	1	11	18	12	4	8	0	4	12	7	1	1	0	2	2	3	1	1	1	2	0
seq35	66	61	166	98	81	89	62	53	68	82	101	127	128	98	73	169	117	62	113	43	127	163	70	322	138	88	108	90	159	158
seq89	18	5	219	33	280	69	36	55	86	39	73	24	116	10	175	17	37	27	0	6	14	15	11	17	15	58	3	3	11	15
seq37	24	40	378	182	515	195	15	32	459	110	169	67	103	92	168	42	97	146	75	551	135	323	126	308	265	216	73	201	65	95
seq158	3	0	1	184	13	30	2	18	0	1	57	1	46	23	32	0	45	44	10	3	0	0	0	0	2	0	0	0	0	0
seq61	28	21	9	68	110	1	79	2	40	139	532	154	108	39	117	22	16	88	379	171	116	161	10	42	98	183	183	93	162	105
seq155	2	1	33	0	5	1	5	5	8	3	32	18	10	5	2	6	2	11	1	3	13	12	48	0	8	4	18	1	5	29
seq154	0	0	0	0	3	0	0	0	29	1	0	0	0	1	0	0	11	0	0	0	9	0	15	0	0	0	0	3	0	0
seq66	53	35	66	10	141	53	49	8	203	127	68	83	51	38	75	45	3	91	70	426	21	72	108	11	47	17	34	65	10	84
seq159	51	0	0	45	21	6	44	1	87	6	256	0	1	0	4	0	5	1	0	0	2	0	3	0	0	10	0	1	1	1
seq21	5	0	199	3	519	293	18	149	0	1	10	232	10	393	336	214	3	119	507	129	244	797	18	294	311	883	322	337	97	126
seq36	0	131	0	56	63	0	0	0	0	212	37	307	84	7	452	107	0	225	1561	35	12	223	506	0	142	20	352	1	30	147
seq49	13	34	33	17	81	15	8	7	105	123	310	53	30	14	123	15	12	111	118	123	46	83	212	47	126	104	87	41	23	57
seq32	718	2	262	3	0	1009	280	5	0	0	0	0	0	0	0	0	0	0	0	0	0	0	0	0	1	3	33	162	0	0
seq96	6	3	1	2	0	1	2	1	3	15	6	10	1	1	6	14	0	2	8	28	38	5	36	2	3	2	62	1	4	12
seq109	3	5	0	5	1	3	2	6	11	25	0	0	0	0	0	0	0	0	0	0	58	76	31	5	32	1	152	16	5	42
seq177	0	1	0	0	1	0	0	1	6	0	0	1	0	0	0	0	0	0	9	1	30	83	0	0	33	16	41	24	18	9
seq76	20	19	26	20	27	25	19	15	15	21	27	48	13	25	7	59	11	20	32	15	8	16	20	43	26	11	39	10	22	32
seq29	58	104	89	178	139	116	60	119	310	225	179	45	160	59	110	78	18	132	65	456	66	613	161	241	121	206	49	417	95	223
seq77	40	13	30	15	34	26	16	7	18	40	17	20	16	22	24	37	6	9	37	37	40	31	11	49	36	18	15	6	13	15
seq142	16	11	18	5	5	6	6	8	7	3	23	8	0	9	4	1	4	2	17	56	25	52	54	3	8	5	38	26	2	71
seq173	0	0	0	0	0	0	0	0	0	0	2	2	1	0	5	1	2	0	0	2	22	74	42	39	18	7	36	11	7	66
seq46	37	47	15	46	38	23	43	25	74	67	45	47	48	18	36	135	8	44	64	79	79	86	64	17	68	78	156	56	74	115
seq17	31	42	58	16	65	64	32	25	37	204	899	32	104	13	78	44	11	171	144	482	12	87	431	52	2	40	1	18	54	304
seq165	5	1	5	2	1	0	0	5	0	9	10	0	4	3	0	0	1	1	0	21	5	16	3	3	3	2	9	6	0	14
seq216	0	1	1	2	1	2	0	0	0	1	4	4	1	0	1	2	0	0	1	4	3	4	4	9	8	3	1	3	2	2
seq147	5	8	4	46	48	51	25	10	4	29	84	1	42	15	91	7	11	105	2	7	0	3	1	9	117	12	3	1	4	2
seq112	10	5	26	45	20	5	6	11	27	26	29	8	26	11	19	17	6	22	9	53	16	18	45	10	8	1	8	4	33	28
seq45	74	44	43	53	122	34	24	26	90	94	243	170	31	30	226	107	38	236	556	465	69	111	93	61	90	26	118	44	22	101
seq48	24	20	112	215	167	35	22	39	59	102	414	16	141	47	179	19	6	230	11	119	16	42	25	62	41	13	6	4	22	24
seq24	582	166	229	118	172	730	478	889	300	349	623	301	65	98	56	160	78	142	216	1043	3	476	30	6	132	19	57	166	36	367
seq176	7	0	1	1	1	3	1	0	5	1	2	0	1	2	2	10	2	3	0	0	0	8	2	9	13	2	1	1	4	1
seq3	2159	5659	5102	3	9530	11109	6086	1505	3555	7138	2831	2750	5	3910	1426	928	956	1292	3652	11120	315	5	1150	2	8544	11075	1889	10351	5225	4
seq39	156	82	108	163	702	141	78	82	269	239	284	90	133	101	238	121	39	207	127	527	51	224	122	103	186	161	69	104	71	83
seq200	2	2	2	4	6	5	1	2	1	13	9	1	1	2	4	0	2	12	2	5	1	1	4	4	5	1	0	2	3	0
seq64	46	43	51	27	75	13	9	8	61	66	138	77	41	20	44	103	38	99	63	116	35	179	194	105	27	38	177	28	130	57
seq69	12	3	15	7	7	5	10	0	7	4	15	27	4	1	21	16	7	9	6	2	124	15	70	4	83	5	129	28	18	21
seq52	46	144	36	176	83	187	58	227	296	246	293	15	53	126	9	57	16	192	12	94	47	77	32	53	204	15	20	32	39	73
seq179	3	5	5	1	4	2	2	1	3	42	6	1	5	1	2	3	3	4	0	0	0	1	1	1	12	5	0	0	1	7
seq85	72	59	64	48	29	92	69	44	64	108	0	0	0	0	0	0	0	0	0	0	33	5	8	0	0	123	0	68	1	0
seq100	22	4	42	32	84	83	24	13	31	29	52	12	36	17	8	3	4	79	7	171	43	13	41	36	123	18	7	14	24	5
seq105	0	0	14	0	0	0	1	0	1	0	0	0	0	0	0	0	0	0	0	0	0	1	0	8	0	0	0	1	0	0
seq150	8	3	0	17	15	0	0	0	22	22	0	18	4	4	3	3	7	3	25	9	17	36	1	3	3	1	15	2	46	5
seq54	18	0	53	0	0	6	8	4	0	0	0	55	16	1	28	38	17	0	77	22	70	110	89	66	59	27	112	36	65	44
seq168	5	1	4	1	7	1	4	0	3	5	6	2	0	1	3	2	2	5	2	2	8	5	8	2	12	1	10	3	1	0
seq60	74	84	46	4	55	30	54	52	4	65	9	15	0	1	5	11	6	4	15	17	117	263	321	61	301	192	672	132	264	340
seq144	33	8	50	31	46	71	19	20	29	30	75	29	27	14	64	9	24	23	40	53	19	70	33	20	19	45	14	39	14	39
seq28	9	242	738	675	116	475	45	404	434	743	36	48	251	349	75	3	167	120	120	543	71	1517	79	32	303	68	20	18	26	116
seq160	30	8	0	24	18	0	21	28	0	39	15	0	3	9	0	55	1	39	14	9	4	5	16	5	13	22	1	1	6	0
seq23	0	3	64	1	0	1	307	0	72	225	250	0	2	507	0	22	0	331	1	0	0	3	0	0	417	359	79	294	341	0
seq93	1	7	0	0	9	0	0	10	1	27	33	8	0	12	0	0	6	0	16	1	3	166	22	2	19	38	0	0	14	0
seq90	41	10	21	23	48	141	50	58	33	131	23	86	58	34	116	26	15	56	101	43	16	42	23	15	80	26	14	15	13	23
seq2	13	16	7	9	14	6	10	14	10	14	17	17	21	15	16	13	12	9	14	10	17	11	11	7	23	14	11	11	14	26
seq4	650	527	95	493	337	702	182	470	314	1260	1394	764	562	233	166	365	121	746	1	2066	1224	1043	3636	679	1150	1584	1932	937	487	1056
seq145	5	4	18	1	85	26	7	3	36	28	57	7	11	15	35	8	3	23	13	84	2	29	9	22	55	34	11	9	12	10
seq26	4	9	86	14	437	7	2	27	464	5	19	41	27	14	74	91	54	9	38	15	49	109	15	312	112	6	20	13	19	9
seq171	4	11	8	0	3	4	4	3	6	4	4	2	2	7	6	4	2	2	2	3	2	3	5	4	5	4	3	5	8	2
seq117	1	18	197	30	109	7	40	2	38	31	113	64	75	47	94	3	7	29	11	53	11	0	9	4	25	30	1	4	5	3
seq10	1493	400	1131	1937	2439	1794	833	913	1173	326	2548	324	1617	1030	1648	1233	819	2636	508	1967	97	383	279	2085	1357	2082	53	1759	74	424
seq68	48	26	89	164	335	92	32	25	293	67	108	73	37	62	96	27	25	131	37	358	38	77	85	227	177	109	9	97	46	51
seq148	6	6	19	29	64	8	13	16	8	16	22	8	16	10	12	10	6	12	3	7	12	20	6	12	52	18	4	6	10	6
seq188	3	3	5	2	2	4	3	3	5	1	6	1	2	3	4	6	2	2	1	2	3	5	7	0	4	7	8	3	4	4
seq143	12	7	56	41	39	101	0	7	54	14	14	9	9	8	12	0	5	10	26	35	40	46	42	38	32	13	14	10	11	7
seq120	24	38	98	117	206	32	65	36	154	43	66	8	17	17	24	111	9	32	3	45	2	12	15	23	28	22	7	17	13	7
seq157	31	0	0	0	0	0	0	0	0	30	0	34	0	0	0	0	0	67	5	1	0	0	0	114	0	0	0	0	0	0
seq135	8	1	41	34	21	5	0	0	25	21	11	4	24	5	54	30	28	27	10	21	6	18	15	86	22	3	5	2	15	8
seq149	0	8	2	9	56	14	13	5	46	0	55	10	1	10	2	0	0	0	0	5	0	19	13	0	60	14	0	12	5	0
seq79	41	31	54	186	678	24	44	27	285	159	37	11	32	11	53	6	16	60	62	436	34	95	27	14	30	34	11	47	47	25
seq190	0	2	3	6	35	1	5	1	14	11	7	1	3	0	11	0	0	8	6	39	1	4	1	0	0	1	1	1	3	0
seq12	739	69	1418	998	3051	697	252	113	2091	840	403	128	250	93	402	95	157	469	171	1967	874	4212	620	482	507	1247	191	635	1212	1140
seq175	7	3	6	5	2	7	1	5	8	3	8	4	2	2	4	2	4	9	3	3	7	13	4	3	3	2	6	6	3	4
seq172	2	2	7	5	28	2	2	1	13	1	4	5	32	0	5	0	7	4	1	3	2	34	2	28	20	2	1	10	1	4
seq192	7	2	7	10	29	9	2	0	7	19	14	5	8	5	2	3	6	7	2	42	2	19	1	1	2	2	0	0	1	1
seq99	1	6	7	6	1	1	6	2	9	10	7	3	3	6	10	4	4	11	13	4	10	8	6	2	5	7	3	6	7	10
seq274	5	1	2	1	1	10	1	4	1	4	17	0	1	0	6	4	1	1	1	18	0	0	0	0	0	0	0	0	0	0
seq235	4	2	4	10	18	0	1	1	0	6	4	1	2	1	8	1	1	3	3	9	0	1	1	0	3	2	0	0	1	1
seq1	43889	43182	39534	45174	23927	29124	42239	47635	24341	31118	20268	42911	43183	45128	27460	43475	48755	32961	27263	16076	43075	27435	30911	44449	29612	29697	38970	35188	43483	41298
seq213	4	5	5	2	6	7	1	3	7	3	5	4	7	3	7	4	2	7	1	3	5	2	1	3	6	1	2	2	3	4
seq202	2	2	5	2	0	2	1	0	1	1	5	3	4	2	4	1	3	1	3	1	2	4	2	2	5	4	4	2	4	2
seq189	1	3	4	5	1	2	5	3	2	2	4	5	3	3	0	1	3	3	2	2	3	2	3	1	0	0	5	1	3	3
seq197	2	3	2	3	2	9	2	5	1	1	3	2	2	4	1	2	1	0	2	0	4	1	2	5	1	1	3	2	6	3
seq169	2	3	5	4	6	0	3	5	6	7	4	5	8	10	3	5	3	5	5	3	8	6	3	5	5	6	4	5	7	7
seq115	9	7	27	36	68	44	12	9	27	13	53	13	10	15	28	19	11	48	34	32	28	100	66	34	68	27	44	8	39	29
seq50	36	44	139	48	283	129	47	141	218	258	130	66	73	82	40	41	37	121	37	235	30	236	120	73	379	76	60	68	174	148
seq65	30	42	34	14	17	7	6	14	26	13	49	11	11	15	6	15	7	15	60	88	155	25	86	12	22	14	50	11	35	54
seq75	0	0	0	24	1	0	0	0	43	127	0	4	6	1	2	0	7	5	15	92	83	9	22	4	4	29	7	4	17	2
seq183	1	1	0	1	6	8	3	1	2	3	0	3	8	6	9	11	5	0	12	10	0	11	0	5	8	2	2	0	5	1
seq111	5	8	17	6	51	47	9	3	45	16	10	11	8	8	38	41	23	16	48	32	17	54	42	16	39	11	39	14	16	16
seq208	3	4	17	6	25	29	9	2	16	17	0	0	0	0	0	0	0	0	0	0	0	0	0	0	0	0	0	0	0	0
seq5	321	470	361	213	517	643	187	115	3789	251	1084	1394	272	378	2262	869	489	33	4258	2081	2043	1737	1192	92	938	597	1230	494	314	745
seq31	1	732	0	173	915	0	0	337	0	485	0	0	0	0	1	0	0	1034	0	0	0	1	0	0	0	0	0	0	1	1
seq81	78	14	55	25	99	91	16	18	56	45	25	33	12	24	35	42	30	17	100	109	29	46	8	43	6	9	45	21	56	13
seq127	6	11	9	4	20	29	3	10	6	10	30	3	11	2	20	15	8	14	1	5	2	12	6	16	16	15	4	3	5	4
seq40	254	0	106	0	0	47	79	0	0	0	0	0	0	0	0	0	0	0	0	0	0	0	0	0	0	0	2	0	0	1
seq59	72	0	4	160	809	48	86	29	237	272	47	33	5	37	13	3	0	13	3	13	50	120	72	54	173	84	30	52	142	85
seq193	0	0	3	4	3	3	2	0	4	3	6	1	0	0	5	4	7	0	1	5	0	15	10	5	27	11	2	5	9	8
seq219	0	3	7	0	1	2	2	0	4	0	4	2	1	3	2	4	3	0	2	5	0	10	4	3	7	7	1	3	5	2
seq131	76	0	20	0	0	0	0	0	0	0	3	21	0	0	6	23	16	0	73	10	0	64	1	0	0	0	28	0	0	47
seq196	3	0	9	2	16	4	6	2	6	3	1	4	0	1	2	4	2	7	3	19	7	11	1	0	9	13	1	9	4	0
seq88	25	8	35	15	31	32	33	10	28	24	56	30	71	22	76	49	17	32	49	53	46	84	49	14	38	33	80	26	20	35
seq25	129	39	27	82	56	92	8	10	1343	206	1737	109	20	10	47	217	28	438	246	493	85	203	45	60	16	93	14	65	1	31
seq55	86	52	145	78	226	224	157	40	192	135	336	132	235	131	415	127	81	221	185	187	125	198	133	29	270	277	174	66	92	95
seq140	3	2	5	4	17	6	3	1	23	9	31	3	26	3	20	33	7	21	42	14	52	14	59	128	68	34	16	15	4	60
