X204.014D.final	X204.0A78.final	X204.0E29.final	X204.1D21.final	X204.2401.final	X204.2B00.final	X204.362D.final	X204.3B49.final	X204.4305.final	X204.691B.final	X213.0433.final	X213.0F6A.final	X213.1B7C.final	X213.3451.final	X213.3C4E.final	X213.4410.final	X213.496F.final	X213.5D38.final	X213.6224.final	X213.7B56.final	X215.0302.t.2	X215.0646.t.2	X215.0B2B.t.2	X215.0B59.t.2	X215.340E.t.2	X215.406C.t.2	X215.471D.t.2	X215.591C.t.2	X215.6E50.t.2	X215.7262.t.2
seq97	4	12	13	11	46	14	10	5	23	35	31	31	27	31	37	57	22	25	24	21	4	3	7	5	14	7	6	1	1	2
seq20	186	64	14	108	604	22	65	140	53	155	150	36	107	78	254	52	82	104	56	31	3	29	20	10	26	26	14	5	0	1
seq130	5	3	22	0	5	9	6	18	6	3	0	0	0	0	0	0	0	0	0	0	1	23	15	14	51	56	25	10	6	26
seq58	65	83	108	178	206	134	70	37	184	91	66	98	118	66	150	240	128	97	290	134	10	27	16	44	36	54	34	3	8	94
seq9	0	0	318	1	1	465	204	1	563	0	523	215	3	339	406	0	503	3	610	224	209	43	96	59	835	1670	166	571	124	236
seq8	6	2	552	4	7	735	297	4	938	6	789	359	7	458	647	22	690	9	1086	423	385	64	175	100	1385	2738	276	752	190	443
seq53	134	79	114	146	224	195	128	34	415	184	289	183	198	139	325	321	124	188	721	376	9	72	21	93	72	139	34	25	13	51
seq70	77	31	34	105	198	97	32	45	235	116	51	67	35	30	275	14	27	113	86	168	7	28	7	40	104	63	48	7	13	68
seq287	0	0	0	0	0	0	0	0	0	0	0	0	0	0	0	0	0	0	0	0	0	0	1	0	0	0	28	0	7	0
seq11	101	287	159	580	472	229	100	216	1744	536	468	712	183	170	374	123	111	489	967	2077	125	142	218	94	3703	689	1777	385	172	362
seq119	2	0	0	1	4	1	1	0	10	9	3	2	1	2	3	14	0	1	2	5	0	3	1	1	12	10	3	0	0	0
seq6	346	515	156	998	321	1440	792	466	3496	3815	4254	332	2787	123	2938	3023	592	1668	3583	1569	68	114	213	74	21	471	854	97	64	636
seq78	33	65	15	30	90	85	67	58	43	129	7	57	60	2	4	12	0	83	42	42	5	8	27	49	244	47	47	36	35	19
seq7	1012	1083	583	124	1733	863	553	256	2567	1365	6493	1080	633	245	2260	883	218	1211	3010	3036	55	373	76	186	6298	1810	2190	86	83	228
seq84	41	31	42	7	172	90	19	20	123	94	72	104	47	8	238	13	12	40	354	91	0	11	1	12	15	21	5	6	3	13
seq80	46	36	112	25	115	121	112	13	232	67	187	43	96	19	99	68	31	30	222	121	0	2	6	23	172	36	38	7	0	14
seq133	11	1	6	0	0	1	1	1	0	7	7	7	1	2	5	6	3	5	7	4	3	0	4	4	91	10	41	5	4	5
seq42	95	68	77	14	89	122	86	19	99	127	92	112	19	20	62	74	29	47	117	34	44	126	46	42	1298	726	667	74	60	124
seq30	73	47	214	147	247	169	84	84	109	81	113	83	67	88	340	144	102	186	97	60	24	79	35	62	60	111	64	72	22	89
seq137	8	6	11	3	22	6	8	3	6	8	5	9	10	3	37	22	21	5	36	33	0	13	9	7	12	17	5	5	5	5
seq186	1	0	0	0	2	3	4	0	3	4	0	0	2	0	10	4	1	1	5	0	1	6	0	3	3	10	3	1	0	2
seq14	12	19	465	12	98	60	30	6	57	23	3966	13	1795	202	7812	7	193	6170	20	480	1	37	3	22	181	101	11	30	11	58
seq15	610	89	123	224	1446	232	97	77	1230	1015	507	510	447	65	1008	153	58	1025	855	1564	40	87	92	44	180	177	90	32	13	57
seq83	0	0	0	0	0	0	0	0	0	0	0	0	0	0	0	0	0	0	0	0	13	23	29	26	97	120	24	28	11	35
seq22	202	340	159	238	282	803	472	302	891	460	23	317	31	44	131	9	277	219	1519	956	5	59	41	45	665	302	315	40	27	85
seq132	0	0	0	0	0	0	0	0	0	0	0	0	0	0	0	0	0	0	0	0	1	0	3	0	0	0	2	1	28	0
seq33	0	78	175	46	245	157	29	53	169	291	369	82	531	102	243	915	24	188	186	387	6	35	8	94	31	34	59	37	4	45
seq138	13	4	3	2	125	2	3	1	3	14	16	26	11	18	22	6	0	24	9	19	9	24	3	6	137	45	10	30	0	3
seq56	85	34	68	47	431	424	131	35	265	171	264	137	36	56	600	38	34	171	395	256	4	7	7	4	302	14	41	5	0	33
seq283	0	0	12	0	0	0	0	0	0	0	0	1	2	1	0	0	0	0	0	6	0	0	0	0	0	0	0	0	0	0
seq106	37	7	60	11	101	56	32	32	33	20	67	23	20	20	48	26	13	31	14	12	0	8	0	15	10	8	10	3	5	6
seq178	12	2	12	15	33	14	7	5	6	11	11	6	5	1	7	8	3	11	5	20	0	1	1	2	0	1	0	0	0	1
seq194	2	1	0	10	7	3	0	1	0	1	12	18	12	4	6	0	5	13	4	1	0	1	0	0	3	0	1	0	1	1
seq35	66	61	166	95	66	88	44	53	71	82	93	127	128	98	66	169	120	64	114	43	18	128	38	46	51	45	46	27	16	56
seq89	18	5	219	31	263	67	22	54	97	39	79	24	117	10	180	17	32	28	0	6	1	3	3	5	1	3	3	1	2	4
seq37	24	40	377	183	484	194	16	34	429	109	169	67	102	92	168	41	98	133	74	549	17	56	10	21	21	70	17	21	2	13
seq158	3	0	0	178	15	31	2	13	0	0	56	1	46	23	35	0	37	39	13	3	0	4	1	0	1	19	3	2	0	1
seq61	28	21	10	75	111	1	55	2	39	138	532	154	108	39	109	23	18	96	373	170	7	0	0	0	28	52	1	0	0	0
seq155	2	1	32	0	6	2	4	5	10	4	29	18	9	5	2	7	2	10	1	4	0	1	0	0	4	2	7	2	0	13
seq154	0	0	0	0	3	0	0	0	20	1	0	0	0	1	0	0	8	0	0	0	0	2	2	0	0	3	0	0	0	0
seq66	53	35	67	9	138	54	58	9	216	127	71	83	52	38	75	44	2	101	69	422	2	29	6	10	170	60	38	16	5	10
seq159	51	0	0	48	18	6	39	2	84	7	259	0	0	0	4	0	2	0	0	0	0	1	0	0	4	0	0	0	1	0
seq21	5	0	199	3	525	293	14	153	0	1	9	233	10	393	343	214	1	124	504	128	19	61	48	125	296	302	190	51	19	229
seq36	0	131	0	52	61	0	0	0	0	213	38	307	85	7	446	107	0	209	1557	35	0	147	0	1	0	307	0	133	29	1
seq49	12	34	32	17	86	14	9	5	96	121	318	53	29	14	140	14	11	109	111	124	7	6	4	9	58	79	223	5	15	12
seq32	718	2	264	3	0	992	291	3	0	0	0	0	0	0	0	0	0	0	0	0	0	0	0	5	2	1	0	0	76	20
seq47	0	0	0	0	0	0	0	0	0	0	0	0	0	0	0	0	0	0	0	0	33	289	28	41	257	539	394	110	11	203
seq96	6	3	1	1	0	2	4	1	2	15	6	10	1	1	7	14	0	2	11	29	6	16	3	7	54	23	27	2	1	7
seq109	3	5	0	5	2	4	2	5	10	23	0	0	0	0	0	0	0	0	0	0	20	51	6	33	90	190	100	33	31	41
seq251	0	0	0	0	0	0	0	0	0	0	0	0	0	0	0	0	0	0	0	0	9	1	11	0	0	0	25	12	6	0
seq76	21	19	26	22	39	23	19	11	15	21	26	48	14	25	6	59	21	20	34	14	13	69	20	34	182	203	77	19	16	55
seq29	57	104	88	173	142	110	45	133	311	222	181	46	159	59	105	78	25	135	64	454	4	31	26	33	71	35	107	37	51	61
seq77	41	14	30	16	36	27	17	8	16	38	21	19	15	22	27	38	7	8	37	37	30	64	10	24	23	74	30	10	19	21
seq142	16	10	18	6	5	5	6	9	6	2	23	8	0	9	3	1	2	3	19	55	6	11	1	1	20	12	22	10	3	3
seq173	0	0	0	0	0	0	0	0	0	0	2	2	2	0	4	1	3	0	0	3	1	7	7	0	9	12	4	1	1	8
seq46	37	47	15	49	41	22	45	22	78	66	39	47	49	18	41	134	9	47	63	78	14	43	15	26	206	169	125	16	22	41
seq17	31	42	58	15	64	62	27	32	45	208	901	32	103	13	76	46	11	169	146	481	20	144	20	46	735	278	755	21	0	178
seq165	5	1	4	1	0	0	0	5	0	10	9	1	4	3	0	0	0	1	0	22	1	11	1	5	8	17	4	2	2	8
seq147	4	10	3	48	49	46	25	10	8	27	80	1	42	15	91	7	12	103	4	6	0	4	0	3	5	3	8	2	0	1
seq112	11	4	26	46	26	5	5	12	24	25	24	9	26	11	21	16	5	21	11	52	7	23	6	31	28	7	9	5	4	18
seq45	73	44	43	54	140	31	21	21	93	93	240	169	31	30	229	106	34	224	552	466	14	58	19	79	297	114	55	32	12	88
seq48	24	19	114	206	153	36	26	42	54	105	409	16	141	46	180	18	8	215	12	118	10	29	8	14	35	38	15	7	2	8
seq24	582	168	229	114	179	723	454	836	324	349	644	302	65	99	56	160	71	144	211	1040	32	110	4	118	14	87	22	15	17	23
seq176	7	0	0	0	2	2	1	0	5	0	2	0	1	1	2	9	3	2	1	0	0	6	1	2	6	2	17	5	4	0
seq185	0	0	0	0	0	0	0	0	0	0	0	0	0	0	0	0	0	0	0	0	2	14	0	6	6	13	33	8	0	2
seq3	2159	5660	5104	2	9416	10992	5952	1449	3509	7107	2825	2752	5	3907	1420	928	968	1295	3668	11093	0	3391	400	753	713	7	1075	624	319	1
seq39	156	81	107	158	690	141	78	84	279	239	282	91	133	102	239	123	42	204	123	527	16	61	18	43	68	71	19	15	12	31
seq200	3	3	3	3	8	5	0	1	1	15	9	0	1	2	4	0	3	9	3	3	0	3	0	0	1	0	0	0	0	0
seq64	45	43	51	27	68	12	11	8	68	65	138	78	41	20	42	103	38	99	63	114	12	79	6	18	114	119	24	20	7	34
seq69	13	2	15	8	5	6	8	1	8	5	12	28	4	0	20	14	5	7	5	2	12	35	4	32	172	76	65	25	33	28
seq52	46	145	35	184	80	193	53	244	291	248	296	14	53	126	9	59	13	188	10	91	9	39	8	5	88	49	116	4	5	29
seq179	3	4	6	1	6	2	3	1	1	47	6	1	5	1	2	1	0	4	0	1	0	5	0	0	8	22	4	1	0	0
seq85	72	60	64	52	28	82	72	42	73	99	0	0	0	0	0	0	0	0	0	0	7	52	25	33	9	32	17	30	8	2
seq100	22	3	41	38	88	79	22	12	30	29	53	11	36	17	9	5	6	81	7	188	4	4	4	2	13	8	7	5	3	2
seq105	0	0	16	0	0	0	0	0	1	0	0	0	0	0	0	0	0	0	0	0	11	21	7	19	113	10	72	12	13	65
seq150	8	3	0	19	12	0	1	1	25	20	1	19	4	4	3	2	7	3	25	14	1	0	0	0	0	5	0	1	0	0
seq54	18	0	51	0	0	6	7	4	1	0	0	55	16	1	28	38	15	0	77	23	13	51	19	20	91	111	52	29	14	57
seq168	4	2	4	1	7	0	3	0	3	4	6	3	0	1	4	3	2	5	2	3	0	7	1	2	19	15	15	1	0	0
seq60	74	84	47	4	57	28	54	59	5	65	8	15	0	2	4	10	4	4	13	18	20	207	14	34	289	257	216	14	24	109
seq144	33	8	49	32	35	79	23	19	30	31	78	28	27	13	64	9	27	21	37	54	5	5	0	7	32	26	21	7	3	15
seq28	10	241	738	680	123	467	35	408	457	727	31	50	252	348	81	4	175	113	121	527	5	555	111	296	148	714	10	10	1	176
seq160	30	9	1	22	17	0	27	24	0	40	17	0	3	8	0	54	0	40	12	7	0	10	0	8	0	6	0	3	2	1
seq23	0	3	64	3	0	1	287	0	80	221	263	0	2	507	0	23	0	325	1	0	1	908	0	58	82	315	521	52	12	7
seq93	0	6	0	0	7	0	1	9	1	26	37	7	0	12	0	0	8	1	16	1	31	209	82	0	212	143	61	0	3	0
seq90	42	11	22	20	59	144	55	51	34	129	21	87	58	33	113	25	15	53	97	37	5	34	25	17	13	8	23	9	5	20
seq2	12	16	6	9	13	5	9	14	10	14	15	15	21	15	17	12	12	16	10	12	19078	14	21038	12	14	11	21447	27676	34284	9
seq4	651	526	94	471	368	715	192	471	300	1275	1410	764	564	231	169	367	112	745	0	2033	148	312	312	386	915	188	1734	114	124	282
seq145	5	5	18	1	86	26	8	4	43	27	58	9	11	16	38	8	4	23	15	91	0	3	2	3	4	7	2	1	1	2
seq26	3	9	86	15	450	6	3	29	455	4	16	40	27	13	76	90	52	9	34	19	15	133	23	16	12	16	11	7	9	10
seq171	5	10	8	2	7	5	4	4	6	5	2	2	2	7	7	5	4	1	3	3	0	5	2	3	6	14	4	1	2	5
seq117	1	19	199	25	108	7	40	2	35	36	117	61	74	46	97	2	4	36	10	44	0	3	3	2	2	4	0	1	0	2
seq10	1492	400	1131	1955	2439	1842	772	922	1235	320	2572	327	1615	1034	1628	1231	820	2639	532	1955	6	65	4	87	31	158	29	20	13	69
seq68	48	26	91	159	353	94	38	29	283	74	105	73	37	63	97	28	34	126	39	342	2	11	2	7	2	7	17	9	3	10
seq148	6	7	18	27	69	8	11	13	9	15	22	9	16	9	15	9	10	12	3	9	0	4	0	0	4	7	1	0	0	2
seq188	4	1	5	2	2	3	2	4	5	1	5	0	2	4	4	6	2	2	2	2	0	0	2	1	5	7	4	0	1	2
seq143	11	7	56	41	45	93	1	4	54	12	13	8	9	8	16	1	10	13	23	37	0	9	1	7	2	6	0	3	1	6
seq120	24	38	97	117	189	33	65	33	155	40	70	11	17	16	21	110	8	33	3	57	0	26	1	2	2	14	2	2	0	3
seq157	32	0	0	0	0	0	0	0	0	30	0	34	0	0	0	0	0	69	7	2	0	18	0	0	0	0	0	0	0	0
seq135	7	1	41	36	16	7	0	0	21	22	13	2	24	5	53	29	23	31	11	18	0	10	8	5	15	10	10	2	2	4
seq149	0	8	3	10	65	15	16	6	52	0	58	8	1	10	1	0	0	0	0	5	1	6	0	7	0	18	2	5	1	0
seq79	41	32	54	186	700	24	43	26	242	158	35	15	32	11	56	6	18	58	60	423	3	18	6	13	5	29	2	8	4	5
seq190	0	1	3	6	28	1	6	0	13	13	7	0	3	1	10	0	1	8	7	40	1	3	1	8	5	6	1	2	0	2
seq12	740	69	1419	1012	2982	717	266	112	2100	837	390	127	250	93	403	95	167	500	174	2003	5	55	32	28	519	117	85	155	49	26
seq175	7	3	6	6	3	9	1	4	4	3	8	4	2	2	5	3	2	9	4	3	3	6	2	4	6	8	3	1	0	2
seq172	2	2	7	5	31	1	7	1	11	2	4	2	32	0	4	0	2	3	0	5	0	1	0	0	0	0	0	0	0	0
seq192	6	2	7	10	31	8	2	1	7	20	15	9	8	4	2	3	5	7	1	35	0	0	0	3	0	1	2	0	1	2
seq99	1	7	6	6	2	4	4	4	12	8	7	3	3	7	9	4	6	9	11	7	4	6	1	4	22	8	8	3	2	4
seq82	0	0	0	0	0	0	0	0	0	0	0	0	0	0	0	0	0	0	0	0	123	250	330	116	146	218	197	39	6	175
seq274	6	1	3	2	1	11	0	3	0	4	17	0	1	0	7	4	0	1	2	17	0	0	0	0	0	0	0	0	0	0
seq95	0	0	0	0	0	0	0	0	0	0	0	0	0	0	0	0	0	0	0	0	2	23	16	22	7	12	5	3	0	15
seq235	3	2	3	11	10	1	2	0	2	5	3	0	2	0	8	1	0	3	4	6	0	0	0	1	1	0	0	0	0	0
seq1	43868	43215	39544	45155	24143	29227	42448	47718	24397	31157	20209	42921	43158	45132	27426	43470	48712	33007	27254	16130	35019	44913	31765	51101	28036	37576	19022	23626	19605	49857
seq213	5	4	4	2	5	8	1	3	6	4	6	4	7	2	5	3	2	6	1	4	0	1	4	5	4	8	6	5	1	4
seq202	3	0	5	2	0	3	2	1	3	1	5	1	5	3	3	2	3	2	3	2	1	5	2	3	4	5	2	1	1	1
seq189	2	3	5	3	1	3	4	3	3	2	3	5	3	5	0	1	4	4	2	2	2	4	1	6	2	4	0	2	2	1
seq197	3	1	2	4	3	9	2	3	1	1	2	2	3	3	1	2	1	0	1	0	2	4	1	1	3	1	1	1	3	4
seq169	5	3	3	5	6	1	4	7	5	6	4	3	4	6	4	5	2	7	5	4	5	8	3	6	7	3	7	3	6	5
seq115	9	8	25	34	69	36	12	10	35	12	66	15	10	17	30	21	20	42	37	31	0	17	2	0	48	17	21	9	7	7
seq50	39	43	146	42	288	117	41	128	222	267	130	64	80	83	45	41	37	132	39	219	2	68	9	9	31	173	30	8	3	10
seq65	27	40	32	17	14	8	3	16	30	12	54	16	16	13	3	14	7	17	50	98	0	64	2	42	45	143	0	0	0	33
seq75	0	0	0	23	1	0	0	0	46	129	0	5	9	1	1	0	4	4	20	93	2	0	53	1	677	12	218	3	0	15
seq183	1	0	1	1	2	8	4	0	3	1	0	5	4	5	8	10	7	0	12	6	0	1	1	0	0	0	2	1	0	0
seq111	6	9	15	7	50	41	7	1	56	16	9	15	12	10	39	36	23	14	45	34	1	9	3	6	24	27	5	5	1	30
seq208	2	5	14	7	26	27	10	4	17	17	0	0	0	0	0	0	0	0	0	0	0	0	0	0	0	0	0	0	0	0
seq5	325	446	375	224	533	662	190	118	3753	252	1081	1381	276	379	2261	890	497	31	4291	2105	1	821	59	419	1435	861	1231	291	42	339
seq31	1	736	0	186	925	0	0	350	0	489	0	0	0	0	1	0	0	998	0	0	0	0	0	0	0	0	0	1	0	0
seq81	82	12	50	23	102	97	13	24	52	45	25	30	11	27	34	36	38	18	100	107	35	50	35	91	72	78	49	35	39	70
seq127	4	9	10	4	17	33	5	9	5	12	26	4	7	3	18	17	5	14	1	4	0	2	3	0	1	0	2	0	0	0
seq222	0	0	0	0	0	0	0	0	0	0	0	0	0	0	0	0	0	0	0	0	25	0	27	0	0	0	51	46	27	0
seq40	253	0	93	0	0	47	76	0	0	0	0	0	0	0	0	0	0	0	0	0	0	350	0	233	1979	1575	0	0	0	374
seq59	78	0	2	169	783	44	97	28	242	265	54	40	8	36	9	3	0	17	6	13	2	65	13	12	41	36	11	14	4	8
seq193	0	0	3	4	5	3	2	0	4	3	7	2	0	1	5	3	5	0	1	5	0	5	0	1	0	0	0	0	0	1
seq131	75	0	21	0	0	1	0	0	0	0	3	25	0	0	6	21	16	0	70	10	5	0	0	19	0	43	0	0	1	0
seq196	4	1	10	2	16	3	2	1	10	5	1	1	2	3	3	7	2	8	1	16	0	2	1	1	0	0	0	0	1	1
seq88	25	9	37	15	31	33	32	7	31	28	60	26	66	24	74	49	18	30	54	53	7	7	3	6	55	75	45	30	2	19
seq25	127	34	21	89	52	95	12	11	1346	205	1744	114	24	17	42	207	34	433	231	498	6	15	8	8	17	12	12	1	2	0
seq55	90	52	149	74	219	226	154	41	200	136	335	116	240	118	421	136	87	227	192	194	17	62	15	37	867	212	152	45	8	124
seq140	4	3	6	3	25	4	4	2	26	9	36	3	32	5	19	34	7	20	46	12	0	3	1	4	2	7	4	0	1	16
